scenario        , approach                  , approach_wt, approach_ct, approach_gt,   frame_wt ,   frame_ct ,   frame_gt ,         dt ,  buffer_wt ,  buffer_ct ,  buffer_gt ,  buffer_ge ,  upload_wt ,  upload_ct ,  upload_gt ,  upload_ge ,   clear_wt ,   clear_ct ,   clear_gt ,   clear_ge ,    draw_wt ,    draw_ct ,    draw_gt ,    draw_ge ,    pres_wt ,    pres_ct ,    pres_gt ,    pres_ge
sublime         , 1rect_1draw               ,  503.808ms ,  500.000ms ,    0.000ms ,  501.779ms ,  500.000ms ,    0.000ms ,  498.439ms ,    0.166ms ,    0.000ms ,    0.000ms ,    0.000ms ,    0.298ms ,    0.000ms ,    0.000ms ,    0.000ms ,    2.125ms ,    0.000ms ,    0.000ms ,    0.000ms ,  453.118ms ,  421.875ms ,    0.000ms ,    0.000ms ,   46.072ms ,   78.125ms ,    0.000ms ,    0.000ms
sublime         , simple_vbo                ,   77.061ms ,   78.125ms ,    0.000ms ,   76.057ms ,   78.125ms ,    0.000ms ,   76.330ms ,    1.805ms ,    0.000ms ,    0.000ms ,    0.000ms ,    3.625ms ,    0.000ms ,    0.000ms ,    0.000ms ,    0.893ms ,    0.000ms ,    0.000ms ,    0.000ms ,    5.383ms ,   15.625ms ,    0.000ms ,    0.000ms ,   64.351ms ,   62.500ms ,    0.000ms ,    0.000ms
sublime         , simple_vbo_stor           ,   94.712ms ,   93.750ms ,    0.000ms ,   93.663ms ,   93.750ms ,    0.000ms ,   93.887ms ,    1.600ms ,    0.000ms ,    0.000ms ,    0.000ms ,   16.355ms ,    0.000ms ,    0.000ms ,    0.000ms ,    1.040ms ,    0.000ms ,    0.000ms ,    0.000ms ,   11.365ms ,   15.625ms ,    0.000ms ,    0.000ms ,   63.303ms ,   78.125ms ,    0.000ms ,    0.000ms
sublime         , complete_vbo              ,   77.104ms ,   78.125ms ,    0.000ms ,   76.003ms ,   78.125ms ,    0.000ms ,   76.405ms ,    9.476ms ,   15.625ms ,    0.000ms ,    0.000ms ,   14.925ms ,   15.625ms ,    0.000ms ,    0.000ms ,    0.902ms ,   15.625ms ,    0.000ms ,    0.000ms ,    3.939ms ,    0.000ms ,    0.000ms ,    0.000ms ,   46.761ms ,   31.250ms ,    0.000ms ,    0.000ms
sublime         , one_ssbo                  ,   81.438ms ,   62.500ms ,    0.000ms ,   80.469ms ,   62.500ms ,    0.000ms ,   80.628ms ,    1.779ms ,    0.000ms ,    0.000ms ,    0.000ms ,    3.065ms ,   15.625ms ,    0.000ms ,    0.000ms ,    0.882ms ,    0.000ms ,    0.000ms ,    0.000ms ,   12.840ms ,   31.250ms ,    0.000ms ,    0.000ms ,   61.903ms ,   15.625ms ,    0.000ms ,    0.000ms
sublime         , ssbo_instr_list           ,   97.886ms ,  109.375ms ,    0.000ms ,   96.826ms ,  109.375ms ,    0.000ms ,   97.083ms ,    1.995ms ,    0.000ms ,    0.000ms ,    0.000ms ,    1.967ms ,   15.625ms ,    0.000ms ,    0.000ms ,    0.986ms ,    0.000ms ,    0.000ms ,    0.000ms ,   49.028ms ,   78.125ms ,    0.000ms ,    0.000ms ,   42.850ms ,   15.625ms ,    0.000ms ,    0.000ms
sublime         , ssbo_inlined_instr_6      ,   51.923ms ,   46.875ms ,    0.000ms ,   50.894ms ,   46.875ms ,    0.000ms ,   51.467ms ,    4.823ms ,    0.000ms ,    0.000ms ,    0.000ms ,    2.638ms ,   15.625ms ,    0.000ms ,    0.000ms ,    1.029ms ,    0.000ms ,    0.000ms ,    0.000ms ,    7.700ms ,    0.000ms ,    0.000ms ,    0.000ms ,   34.704ms ,   31.250ms ,    0.000ms ,    0.000ms
sublime         , ssbo_inlined_instr_4_4    ,   44.595ms ,   46.875ms ,    0.000ms ,   43.602ms ,   46.875ms ,    0.000ms ,   44.120ms ,    2.847ms ,    0.000ms ,    0.000ms ,    0.000ms ,    2.736ms ,    0.000ms ,    0.000ms ,    0.000ms ,    1.091ms ,    0.000ms ,    0.000ms ,    0.000ms ,    5.514ms ,    0.000ms ,    0.000ms ,    0.000ms ,   31.414ms ,   46.875ms ,    0.000ms ,    0.000ms
sublime         , ssbo_inlined_instr_6_6    ,   48.618ms ,   46.875ms ,    0.000ms ,   47.543ms ,   46.875ms ,    0.000ms ,   48.114ms ,    3.205ms ,    0.000ms ,    0.000ms ,    0.000ms ,    2.697ms ,    0.000ms ,    0.000ms ,    0.000ms ,    1.006ms ,    0.000ms ,    0.000ms ,    0.000ms ,    8.235ms ,   46.875ms ,    0.000ms ,    0.000ms ,   32.400ms ,    0.000ms ,    0.000ms ,    0.000ms
sublime         , ssbo_inlined_instr_8_8    ,   50.226ms ,   62.500ms ,    0.000ms ,   49.256ms ,   62.500ms ,    0.000ms ,   49.824ms ,    3.273ms ,    0.000ms ,    0.000ms ,    0.000ms ,    3.826ms ,   46.875ms ,    0.000ms ,    0.000ms ,    1.056ms ,    0.000ms ,    0.000ms ,    0.000ms ,   10.523ms ,   15.625ms ,    0.000ms ,    0.000ms ,   30.578ms ,    0.000ms ,    0.000ms ,    0.000ms
sublime         , ssbo_inlined_instr_10_10  ,   46.445ms ,   46.875ms ,    0.000ms ,   45.386ms ,   46.875ms ,    0.000ms ,   46.041ms ,    3.587ms ,    0.000ms ,    0.000ms ,    0.000ms ,    4.685ms ,    0.000ms ,    0.000ms ,    0.000ms ,    1.104ms ,    0.000ms ,    0.000ms ,    0.000ms ,    7.946ms ,   15.625ms ,    0.000ms ,    0.000ms ,   28.064ms ,   31.250ms ,    0.000ms ,    0.000ms
sublime         , ssbo_inlined_instr_20_20  ,   70.045ms ,   62.500ms ,    0.000ms ,   68.943ms ,   62.500ms ,    0.000ms ,   69.508ms ,    4.768ms ,    0.000ms ,    0.000ms ,    0.000ms ,    7.930ms ,    0.000ms ,    0.000ms ,    0.000ms ,    1.053ms ,    0.000ms ,    0.000ms ,    0.000ms ,   22.219ms ,   31.250ms ,    0.000ms ,    0.000ms ,   32.973ms ,   31.250ms ,    0.000ms ,    0.000ms
sublime         , ssbo_inlined_instr_4_6    ,   30.704ms ,   31.250ms ,    0.000ms ,   29.509ms ,   31.250ms ,    0.000ms ,   30.432ms ,    3.916ms ,    0.000ms ,    0.000ms ,    0.000ms ,    3.084ms ,    0.000ms ,    0.000ms ,    0.000ms ,    0.970ms ,    0.000ms ,    0.000ms ,    0.000ms ,    2.854ms ,   15.625ms ,    0.000ms ,    0.000ms ,   18.685ms ,   15.625ms ,    0.000ms ,    0.000ms
sublime         , ssbo_inlined_instr_4_8    ,   32.802ms ,   31.250ms ,    0.000ms ,   31.718ms ,   31.250ms ,    0.000ms ,   32.487ms ,    3.371ms ,    0.000ms ,    0.000ms ,    0.000ms ,    2.461ms ,    0.000ms ,    0.000ms ,    0.000ms ,    1.135ms ,   15.625ms ,    0.000ms ,    0.000ms ,    3.602ms ,    0.000ms ,    0.000ms ,    0.000ms ,   21.149ms ,   15.625ms ,    0.000ms ,    0.000ms
sublime         , ssbo_inlined_instr_4_10   ,   34.352ms ,   31.250ms ,    0.000ms ,   33.300ms ,   31.250ms ,    0.000ms ,   34.019ms ,    2.969ms ,    0.000ms ,    0.000ms ,    0.000ms ,    2.186ms ,   15.625ms ,    0.000ms ,    0.000ms ,    1.266ms ,    0.000ms ,    0.000ms ,    0.000ms ,    5.746ms ,    0.000ms ,    0.000ms ,    0.000ms ,   21.133ms ,   15.625ms ,    0.000ms ,    0.000ms
sublime         , ssbo_inlined_instr_4_20   ,   56.150ms ,   46.875ms ,    0.000ms ,   55.025ms ,   46.875ms ,    0.000ms ,   55.676ms ,    3.250ms ,    0.000ms ,    0.000ms ,    0.000ms ,    2.160ms ,    0.000ms ,    0.000ms ,    0.000ms ,    1.019ms ,   15.625ms ,    0.000ms ,    0.000ms ,   20.707ms ,   15.625ms ,    0.000ms ,    0.000ms ,   27.889ms ,   15.625ms ,    0.000ms ,    0.000ms
sublime         , ssbo_inlined_instr_6_4    ,   30.775ms ,   15.625ms ,    0.000ms ,   29.261ms ,   15.625ms ,    0.000ms ,   30.476ms ,    4.336ms ,    0.000ms ,    0.000ms ,    0.000ms ,    2.613ms ,    0.000ms ,    0.000ms ,    0.000ms ,    1.033ms ,    0.000ms ,    0.000ms ,    0.000ms ,    2.666ms ,    0.000ms ,    0.000ms ,    0.000ms ,   18.613ms ,   15.625ms ,    0.000ms ,    0.000ms
sublime         , ssbo_inlined_instr_8_4    ,   29.805ms ,   31.250ms ,    0.000ms ,   28.816ms ,   31.250ms ,    0.000ms ,   29.482ms ,    3.183ms ,    0.000ms ,    0.000ms ,    0.000ms ,    3.010ms ,    0.000ms ,    0.000ms ,    0.000ms ,    0.868ms ,    0.000ms ,    0.000ms ,    0.000ms ,    2.161ms ,    0.000ms ,    0.000ms ,    0.000ms ,   19.594ms ,   31.250ms ,    0.000ms ,    0.000ms
sublime         , ssbo_inlined_instr_10_4   ,   30.858ms ,   31.250ms ,    0.000ms ,   29.801ms ,   31.250ms ,    0.000ms ,   30.563ms ,    4.197ms ,    0.000ms ,    0.000ms ,    0.000ms ,    3.581ms ,   15.625ms ,    0.000ms ,    0.000ms ,    0.944ms ,    0.000ms ,    0.000ms ,    0.000ms ,    2.452ms ,    0.000ms ,    0.000ms ,    0.000ms ,   18.627ms ,   15.625ms ,    0.000ms ,    0.000ms
sublime         , ssbo_inlined_instr_20_4   ,   34.444ms ,   31.250ms ,    0.000ms ,   33.198ms ,   31.250ms ,    0.000ms ,   34.111ms ,    4.809ms ,    0.000ms ,    0.000ms ,    0.000ms ,    6.436ms ,    0.000ms ,    0.000ms ,    0.000ms ,    1.126ms ,    0.000ms ,    0.000ms ,    0.000ms ,    2.297ms ,   15.625ms ,    0.000ms ,    0.000ms ,   18.530ms ,   15.625ms ,    0.000ms ,    0.000ms
sublime         , ssbo_instr_combo_4        ,   28.797ms ,   31.250ms ,    0.000ms ,   27.718ms ,   31.250ms ,    0.000ms ,   28.530ms ,    2.239ms ,    0.000ms ,    0.000ms ,    0.000ms ,    1.656ms ,    0.000ms ,    0.000ms ,    0.000ms ,    0.869ms ,    0.000ms ,    0.000ms ,    0.000ms ,    2.112ms ,   15.625ms ,    0.000ms ,    0.000ms ,   20.842ms ,   15.625ms ,    0.000ms ,    0.000ms
sublime         , ssbo_instr_combo_6        ,   29.595ms ,    0.000ms ,    0.000ms ,   28.500ms ,    0.000ms ,    0.000ms ,   29.315ms ,    2.491ms ,    0.000ms ,    0.000ms ,    0.000ms ,    3.755ms ,    0.000ms ,    0.000ms ,    0.000ms ,    0.954ms ,    0.000ms ,    0.000ms ,    0.000ms ,    2.634ms ,    0.000ms ,    0.000ms ,    0.000ms ,   18.666ms ,    0.000ms ,    0.000ms ,    0.000ms
sublime         , ssbo_instr_combo_8        ,   30.915ms ,   31.250ms ,    0.000ms ,   29.858ms ,   31.250ms ,    0.000ms ,   30.614ms ,    2.191ms ,    0.000ms ,    0.000ms ,    0.000ms ,    2.213ms ,    0.000ms ,    0.000ms ,    0.000ms ,    1.664ms ,    0.000ms ,    0.000ms ,    0.000ms ,    3.400ms ,   15.625ms ,    0.000ms ,    0.000ms ,   20.390ms ,   15.625ms ,    0.000ms ,    0.000ms
sublime         , ssbo_instr_combo_10       ,   32.601ms ,   31.250ms ,    0.000ms ,   31.496ms ,   31.250ms ,    0.000ms ,   32.304ms ,    2.241ms ,   15.625ms ,    0.000ms ,    0.000ms ,    1.817ms ,    0.000ms ,    0.000ms ,    0.000ms ,    1.178ms ,    0.000ms ,    0.000ms ,    0.000ms ,    4.213ms ,    0.000ms ,    0.000ms ,    0.000ms ,   22.047ms ,   15.625ms ,    0.000ms ,    0.000ms
sublime         , ssbo_instr_combo_20       ,   55.881ms ,   46.875ms ,    0.000ms ,   54.788ms ,   46.875ms ,    0.000ms ,   55.353ms ,    2.220ms ,    0.000ms ,    0.000ms ,    0.000ms ,    1.671ms ,    0.000ms ,    0.000ms ,    0.000ms ,    0.942ms ,    0.000ms ,    0.000ms ,    0.000ms ,   20.891ms ,    0.000ms ,    0.000ms ,    0.000ms ,   29.064ms ,   46.875ms ,    0.000ms ,    0.000ms
sublime         , one_ssbo_ext_no_sdf       ,   30.212ms ,   31.250ms ,    0.000ms ,   28.723ms ,   15.625ms ,    0.000ms ,   29.967ms ,    2.045ms ,    0.000ms ,    0.000ms ,    0.000ms ,    2.101ms ,    0.000ms ,    0.000ms ,    0.000ms ,    0.941ms ,    0.000ms ,    0.000ms ,    0.000ms ,    2.343ms ,   15.625ms ,    0.000ms ,    0.000ms ,   21.293ms ,    0.000ms ,    0.000ms ,    0.000ms
sublime         , one_ssbo_ext_sdf_list     ,   29.237ms ,   31.250ms ,    0.000ms ,   27.993ms ,   31.250ms ,    0.000ms ,   28.892ms ,    3.540ms ,    0.000ms ,    0.000ms ,    0.000ms ,    3.934ms ,    0.000ms ,    0.000ms ,    0.000ms ,    0.857ms ,    0.000ms ,    0.000ms ,    0.000ms ,    2.154ms ,    0.000ms ,    0.000ms ,    0.000ms ,   17.508ms ,   31.250ms ,    0.000ms ,    0.000ms
sublime         , one_ssbo_ext_one_sdf      ,   29.965ms ,   15.625ms ,    0.000ms ,   28.421ms ,   15.625ms ,    0.000ms ,   29.686ms ,    3.566ms ,    0.000ms ,    0.000ms ,    0.000ms ,    2.648ms ,    0.000ms ,    0.000ms ,    0.000ms ,    1.000ms ,    0.000ms ,    0.000ms ,    0.000ms ,    2.473ms ,    0.000ms ,    0.000ms ,    0.000ms ,   18.734ms ,   15.625ms ,    0.000ms ,    0.000ms
sublime         , one_ssbo_ext_one_sdf_pack ,   29.991ms ,   31.250ms ,    0.000ms ,   28.380ms ,   31.250ms ,    0.000ms ,   29.690ms ,    3.750ms ,    0.000ms ,    0.000ms ,    0.000ms ,    2.606ms ,    0.000ms ,    0.000ms ,    0.000ms ,    1.041ms ,    0.000ms ,    0.000ms ,    0.000ms ,    2.682ms ,    0.000ms ,    0.000ms ,    0.000ms ,   18.301ms ,   31.250ms ,    0.000ms ,    0.000ms
sublime         , inst_div                  ,   29.439ms ,   31.250ms ,    0.000ms ,   28.426ms ,   31.250ms ,    0.000ms ,   29.139ms ,    2.478ms ,   15.625ms ,    0.000ms ,    0.000ms ,    2.578ms ,    0.000ms ,    0.000ms ,    0.000ms ,    1.019ms ,    0.000ms ,    0.000ms ,    0.000ms ,    2.290ms ,    0.000ms ,    0.000ms ,    0.000ms ,   20.061ms ,   15.625ms ,    0.000ms ,    0.000ms
mediaplayer     , 1rect_1draw               ,   28.377ms ,   31.250ms ,    0.000ms ,   25.441ms ,   31.250ms ,    0.000ms ,   28.101ms ,    0.137ms ,    0.000ms ,    0.000ms ,    0.000ms ,    0.255ms ,    0.000ms ,    0.000ms ,    0.000ms ,    0.954ms ,    0.000ms ,    0.000ms ,    0.000ms ,    5.800ms ,    0.000ms ,    0.000ms ,    0.000ms ,   18.295ms ,   31.250ms ,    0.000ms ,    0.000ms
mediaplayer     , simple_vbo                ,   26.289ms ,   31.250ms ,    0.000ms ,   25.319ms ,   31.250ms ,    0.000ms ,   26.000ms ,    0.135ms ,    0.000ms ,    0.000ms ,    0.000ms ,    0.346ms ,    0.000ms ,    0.000ms ,    0.000ms ,    0.870ms ,    0.000ms ,    0.000ms ,    0.000ms ,    1.590ms ,    0.000ms ,    0.000ms ,    0.000ms ,   22.378ms ,   31.250ms ,    0.000ms ,    0.000ms
mediaplayer     , simple_vbo_stor           ,   27.587ms ,   15.625ms ,    0.000ms ,   26.578ms ,   15.625ms ,    0.000ms ,   27.252ms ,    0.143ms ,    0.000ms ,    0.000ms ,    0.000ms ,    0.591ms ,    0.000ms ,    0.000ms ,    0.000ms ,    0.949ms ,    0.000ms ,    0.000ms ,    0.000ms ,    1.914ms ,    0.000ms ,    0.000ms ,    0.000ms ,   22.981ms ,   15.625ms ,    0.000ms ,    0.000ms
mediaplayer     , complete_vbo              ,   28.562ms ,   31.250ms ,    0.000ms ,   27.509ms ,   31.250ms ,    0.000ms ,   28.282ms ,    0.205ms ,    0.000ms ,    0.000ms ,    0.000ms ,    0.714ms ,    0.000ms ,    0.000ms ,    0.000ms ,    0.930ms ,    0.000ms ,    0.000ms ,    0.000ms ,    2.066ms ,    0.000ms ,    0.000ms ,    0.000ms ,   23.594ms ,   31.250ms ,    0.000ms ,    0.000ms
mediaplayer     , one_ssbo                  ,   30.113ms ,   31.250ms ,    0.000ms ,   28.357ms ,   31.250ms ,    0.000ms ,   29.891ms ,    0.145ms ,    0.000ms ,    0.000ms ,    0.000ms ,    3.563ms ,    0.000ms ,    0.000ms ,    0.000ms ,    1.560ms ,    0.000ms ,    0.000ms ,    0.000ms ,    2.284ms ,    0.000ms ,    0.000ms ,    0.000ms ,   20.805ms ,   31.250ms ,    0.000ms ,    0.000ms
mediaplayer     , ssbo_instr_list           ,   62.308ms ,   15.625ms ,    0.000ms ,   61.136ms ,   15.625ms ,    0.000ms ,   61.496ms ,    0.146ms ,    0.000ms ,    0.000ms ,    0.000ms ,   46.698ms ,    0.000ms ,    0.000ms ,    0.000ms ,    1.017ms ,    0.000ms ,    0.000ms ,    0.000ms ,    2.304ms ,    0.000ms ,    0.000ms ,    0.000ms ,   10.971ms ,   15.625ms ,    0.000ms ,    0.000ms
mediaplayer     , ssbo_inlined_instr_6      ,   45.155ms ,   31.250ms ,    0.000ms ,   44.148ms ,   31.250ms ,    0.000ms ,   44.793ms ,    0.189ms ,    0.000ms ,    0.000ms ,    0.000ms ,   27.472ms ,   15.625ms ,    0.000ms ,    0.000ms ,    0.993ms ,    0.000ms ,    0.000ms ,    0.000ms ,    2.868ms ,    0.000ms ,    0.000ms ,    0.000ms ,   12.626ms ,   15.625ms ,    0.000ms ,    0.000ms
mediaplayer     , ssbo_inlined_instr_4_4    ,   44.794ms ,   15.625ms ,    0.000ms ,   43.715ms ,   15.625ms ,    0.000ms ,   44.339ms ,    0.145ms ,    0.000ms ,    0.000ms ,    0.000ms ,   27.768ms ,    0.000ms ,    0.000ms ,    0.000ms ,    0.984ms ,    0.000ms ,    0.000ms ,    0.000ms ,    2.606ms ,    0.000ms ,    0.000ms ,    0.000ms ,   12.212ms ,   15.625ms ,    0.000ms ,    0.000ms
mediaplayer     , ssbo_inlined_instr_6_6    ,   47.121ms ,   31.250ms ,    0.000ms ,   46.103ms ,   31.250ms ,    0.000ms ,   46.740ms ,    0.151ms ,    0.000ms ,    0.000ms ,    0.000ms ,   29.508ms ,    0.000ms ,    0.000ms ,    0.000ms ,    1.028ms ,    0.000ms ,    0.000ms ,    0.000ms ,    2.939ms ,    0.000ms ,    0.000ms ,    0.000ms ,   12.477ms ,   31.250ms ,    0.000ms ,    0.000ms
mediaplayer     , ssbo_inlined_instr_8_8    ,   49.320ms ,   15.625ms ,    0.000ms ,   48.254ms ,   15.625ms ,    0.000ms ,   48.875ms ,    0.148ms ,    0.000ms ,    0.000ms ,    0.000ms ,   29.790ms ,    0.000ms ,    0.000ms ,    0.000ms ,    1.041ms ,   15.625ms ,    0.000ms ,    0.000ms ,    3.478ms ,    0.000ms ,    0.000ms ,    0.000ms ,   13.797ms ,    0.000ms ,    0.000ms ,    0.000ms
mediaplayer     , ssbo_inlined_instr_10_10  ,   49.271ms ,   31.250ms ,    0.000ms ,   48.249ms ,   31.250ms ,    0.000ms ,   48.714ms ,    0.160ms ,    0.000ms ,    0.000ms ,    0.000ms ,   29.736ms ,    0.000ms ,    0.000ms ,    0.000ms ,    0.966ms ,    0.000ms ,    0.000ms ,    0.000ms ,    3.828ms ,    0.000ms ,    0.000ms ,    0.000ms ,   13.559ms ,   31.250ms ,    0.000ms ,    0.000ms
mediaplayer     , ssbo_inlined_instr_20_20  ,   70.073ms ,   31.250ms ,    0.000ms ,   69.044ms ,   15.625ms ,    0.000ms ,   69.428ms ,    0.164ms ,    0.000ms ,    0.000ms ,    0.000ms ,   38.606ms ,    0.000ms ,    0.000ms ,    0.000ms ,    1.004ms ,    0.000ms ,    0.000ms ,    0.000ms ,   12.197ms ,   15.625ms ,    0.000ms ,    0.000ms ,   17.073ms ,    0.000ms ,    0.000ms ,    0.000ms
mediaplayer     , ssbo_inlined_instr_4_6    ,   47.848ms ,   15.625ms ,    0.000ms ,   46.862ms ,   15.625ms ,    0.000ms ,   47.369ms ,    0.153ms ,    0.000ms ,    0.000ms ,    0.000ms ,   31.145ms ,    0.000ms ,    0.000ms ,    0.000ms ,    0.979ms ,    0.000ms ,    0.000ms ,    0.000ms ,    2.857ms ,    0.000ms ,    0.000ms ,    0.000ms ,   11.728ms ,   15.625ms ,    0.000ms ,    0.000ms
mediaplayer     , ssbo_inlined_instr_4_8    ,   49.099ms ,    0.000ms ,    0.000ms ,   48.068ms ,    0.000ms ,    0.000ms ,   48.625ms ,    0.151ms ,    0.000ms ,    0.000ms ,    0.000ms ,   32.164ms ,    0.000ms ,    0.000ms ,    0.000ms ,    0.952ms ,    0.000ms ,    0.000ms ,    0.000ms ,    2.904ms ,    0.000ms ,    0.000ms ,    0.000ms ,   11.897ms ,    0.000ms ,    0.000ms ,    0.000ms
mediaplayer     , ssbo_inlined_instr_4_10   ,   52.312ms ,   46.875ms ,    0.000ms ,   51.314ms ,   46.875ms ,    0.000ms ,   51.787ms ,    0.183ms ,    0.000ms ,    0.000ms ,    0.000ms ,   35.181ms ,   15.625ms ,    0.000ms ,    0.000ms ,    0.979ms ,    0.000ms ,    0.000ms ,    0.000ms ,    3.074ms ,    0.000ms ,    0.000ms ,    0.000ms ,   11.897ms ,   31.250ms ,    0.000ms ,    0.000ms
mediaplayer     , ssbo_inlined_instr_4_20   ,   74.629ms ,   15.625ms ,    0.000ms ,   73.605ms ,   15.625ms ,    0.000ms ,   73.890ms ,    0.140ms ,    0.000ms ,    0.000ms ,    0.000ms ,   55.119ms ,    0.000ms ,    0.000ms ,    0.000ms ,    1.045ms ,    0.000ms ,    0.000ms ,    0.000ms ,    4.693ms ,    0.000ms ,    0.000ms ,    0.000ms ,   12.608ms ,   15.625ms ,    0.000ms ,    0.000ms
mediaplayer     , ssbo_inlined_instr_6_4    ,   46.126ms ,   15.625ms ,    0.000ms ,   45.085ms ,   15.625ms ,    0.000ms ,   45.768ms ,    0.146ms ,    0.000ms ,    0.000ms ,    0.000ms ,   28.438ms ,   15.625ms ,    0.000ms ,    0.000ms ,    1.032ms ,    0.000ms ,    0.000ms ,    0.000ms ,    2.785ms ,    0.000ms ,    0.000ms ,    0.000ms ,   12.684ms ,    0.000ms ,    0.000ms ,    0.000ms
mediaplayer     , ssbo_inlined_instr_8_4    ,   44.632ms ,    0.000ms ,    0.000ms ,   43.633ms ,    0.000ms ,    0.000ms ,   44.354ms ,    0.219ms ,    0.000ms ,    0.000ms ,    0.000ms ,   26.246ms ,    0.000ms ,    0.000ms ,    0.000ms ,    0.966ms ,    0.000ms ,    0.000ms ,    0.000ms ,    2.908ms ,    0.000ms ,    0.000ms ,    0.000ms ,   13.294ms ,    0.000ms ,    0.000ms ,    0.000ms
mediaplayer     , ssbo_inlined_instr_10_4   ,   44.152ms ,   15.625ms ,    0.000ms ,   43.073ms ,   15.625ms ,    0.000ms ,   43.725ms ,    0.150ms ,    0.000ms ,    0.000ms ,    0.000ms ,   24.513ms ,    0.000ms ,    0.000ms ,    0.000ms ,    1.014ms ,    0.000ms ,    0.000ms ,    0.000ms ,    3.505ms ,    0.000ms ,    0.000ms ,    0.000ms ,   13.891ms ,   15.625ms ,    0.000ms ,    0.000ms
mediaplayer     , ssbo_inlined_instr_20_4   ,   40.668ms ,   46.875ms ,    0.000ms ,   39.540ms ,   31.250ms ,    0.000ms ,   40.322ms ,    0.223ms ,    0.000ms ,    0.000ms ,    0.000ms ,   16.565ms ,   15.625ms ,    0.000ms ,    0.000ms ,    1.011ms ,    0.000ms ,    0.000ms ,    0.000ms ,    4.083ms ,    0.000ms ,    0.000ms ,    0.000ms ,   17.658ms ,   15.625ms ,    0.000ms ,    0.000ms
mediaplayer     , ssbo_instr_combo_4        ,   50.397ms ,    0.000ms ,    0.000ms ,   49.366ms ,    0.000ms ,    0.000ms ,   49.903ms ,    0.140ms ,    0.000ms ,    0.000ms ,    0.000ms ,   35.104ms ,    0.000ms ,    0.000ms ,    0.000ms ,    0.983ms ,    0.000ms ,    0.000ms ,    0.000ms ,    2.266ms ,    0.000ms ,    0.000ms ,    0.000ms ,   10.873ms ,    0.000ms ,    0.000ms ,    0.000ms
mediaplayer     , ssbo_instr_combo_6        ,   52.281ms ,   15.625ms ,    0.000ms ,   51.272ms ,   15.625ms ,    0.000ms ,   51.769ms ,    0.146ms ,    0.000ms ,    0.000ms ,    0.000ms ,   37.294ms ,    0.000ms ,    0.000ms ,    0.000ms ,    0.973ms ,    0.000ms ,    0.000ms ,    0.000ms ,    2.245ms ,   15.625ms ,    0.000ms ,    0.000ms ,   10.614ms ,    0.000ms ,    0.000ms ,    0.000ms
mediaplayer     , ssbo_instr_combo_8        ,   54.192ms ,    0.000ms ,    0.000ms ,   53.172ms ,    0.000ms ,    0.000ms ,   53.644ms ,    0.140ms ,    0.000ms ,    0.000ms ,    0.000ms ,   38.740ms ,    0.000ms ,    0.000ms ,    0.000ms ,    1.026ms ,    0.000ms ,    0.000ms ,    0.000ms ,    2.242ms ,    0.000ms ,    0.000ms ,    0.000ms ,   11.024ms ,    0.000ms ,    0.000ms ,    0.000ms
mediaplayer     , ssbo_instr_combo_10       ,   55.595ms ,   15.625ms ,    0.000ms ,   54.591ms ,   15.625ms ,    0.000ms ,   55.017ms ,    0.137ms ,    0.000ms ,    0.000ms ,    0.000ms ,   40.588ms ,    0.000ms ,    0.000ms ,    0.000ms ,    0.973ms ,    0.000ms ,    0.000ms ,    0.000ms ,    2.254ms ,    0.000ms ,    0.000ms ,    0.000ms ,   10.639ms ,   15.625ms ,    0.000ms ,    0.000ms
mediaplayer     , ssbo_instr_combo_20       ,   81.801ms ,    0.000ms ,    0.000ms ,   80.775ms ,    0.000ms ,    0.000ms ,   80.974ms ,    0.148ms ,    0.000ms ,    0.000ms ,    0.000ms ,   66.219ms ,    0.000ms ,    0.000ms ,    0.000ms ,    1.062ms ,    0.000ms ,    0.000ms ,    0.000ms ,    2.353ms ,    0.000ms ,    0.000ms ,    0.000ms ,   10.993ms ,    0.000ms ,    0.000ms ,    0.000ms
mediaplayer     , one_ssbo_ext_no_sdf       ,   45.530ms ,   15.625ms ,    0.000ms ,   44.443ms ,   15.625ms ,    0.000ms ,   45.055ms ,    0.143ms ,    0.000ms ,    0.000ms ,    0.000ms ,   28.191ms ,    0.000ms ,    0.000ms ,    0.000ms ,    1.184ms ,    0.000ms ,    0.000ms ,    0.000ms ,    2.432ms ,    0.000ms ,    0.000ms ,    0.000ms ,   12.493ms ,   15.625ms ,    0.000ms ,    0.000ms
mediaplayer     , one_ssbo_ext_sdf_list     ,   49.432ms ,   31.250ms ,    0.000ms ,   48.412ms ,   15.625ms ,    0.000ms ,   48.992ms ,    0.151ms ,    0.000ms ,    0.000ms ,    0.000ms ,   31.607ms ,    0.000ms ,    0.000ms ,    0.000ms ,    1.015ms ,   15.625ms ,    0.000ms ,    0.000ms ,    3.098ms ,    0.000ms ,    0.000ms ,    0.000ms ,   12.541ms ,    0.000ms ,    0.000ms ,    0.000ms
mediaplayer     , one_ssbo_ext_one_sdf      ,   45.805ms ,   31.250ms ,    0.000ms ,   44.700ms ,   31.250ms ,    0.000ms ,   45.434ms ,    0.144ms ,    0.000ms ,    0.000ms ,    0.000ms ,   27.116ms ,    0.000ms ,    0.000ms ,    0.000ms ,    0.962ms ,    0.000ms ,    0.000ms ,    0.000ms ,    2.757ms ,    0.000ms ,    0.000ms ,    0.000ms ,   13.721ms ,   31.250ms ,    0.000ms ,    0.000ms
mediaplayer     , one_ssbo_ext_one_sdf_pack ,   46.840ms ,   46.875ms ,    0.000ms ,   45.836ms ,   46.875ms ,    0.000ms ,   46.469ms ,    0.140ms ,    0.000ms ,    0.000ms ,    0.000ms ,   29.247ms ,    0.000ms ,    0.000ms ,    0.000ms ,    0.993ms ,    0.000ms ,    0.000ms ,    0.000ms ,    2.788ms ,   15.625ms ,    0.000ms ,    0.000ms ,   12.668ms ,   31.250ms ,    0.000ms ,    0.000ms
mediaplayer     , inst_div                  ,   30.928ms ,   31.250ms ,    0.000ms ,   29.885ms ,   31.250ms ,    0.000ms ,   30.627ms ,    0.134ms ,    0.000ms ,    0.000ms ,    0.000ms ,    0.345ms ,    0.000ms ,    0.000ms ,    0.000ms ,    0.884ms ,    0.000ms ,    0.000ms ,    0.000ms ,    2.451ms ,    0.000ms ,    0.000ms ,    0.000ms ,   26.071ms ,   31.250ms ,    0.000ms ,    0.000ms
demo            , one_ssbo_ext_one_sdf_demo ,   31.464ms ,   31.250ms ,    0.000ms ,   30.392ms ,   31.250ms ,    0.000ms ,   31.174ms ,    0.122ms ,    0.000ms ,    0.000ms ,    0.000ms ,    1.032ms ,    0.000ms ,    0.000ms ,    0.000ms ,    0.951ms ,    0.000ms ,    0.000ms ,    0.000ms ,    2.166ms ,    0.000ms ,    0.000ms ,    0.000ms ,   26.121ms ,   31.250ms ,    0.000ms ,    0.000ms
sublime         , 1rect_1draw               ,  433.949ms ,  421.875ms ,    0.000ms ,  431.553ms ,  421.875ms ,    0.000ms ,  429.406ms ,    0.148ms ,    0.000ms ,    0.000ms ,    0.000ms ,    0.296ms ,    0.000ms ,    0.000ms ,    0.000ms ,    1.053ms ,    0.000ms ,    0.000ms ,    0.000ms ,  398.280ms ,  375.000ms ,    0.000ms ,    0.000ms ,   31.776ms ,   46.875ms ,    0.000ms ,    0.000ms
sublime         , simple_vbo                ,   46.514ms ,   46.875ms ,    0.000ms ,   45.470ms ,   46.875ms ,    0.000ms ,   46.044ms ,    1.670ms ,   15.625ms ,    0.000ms ,    0.000ms ,    4.003ms ,    0.000ms ,    0.000ms ,    0.000ms ,    0.965ms ,    0.000ms ,    0.000ms ,    0.000ms ,    1.679ms ,    0.000ms ,    0.000ms ,    0.000ms ,   37.153ms ,   31.250ms ,    0.000ms ,    0.000ms
sublime         , simple_vbo_stor           ,   54.302ms ,   62.500ms ,    0.000ms ,   53.319ms ,   62.500ms ,    0.000ms ,   53.812ms ,    1.598ms ,   15.625ms ,    0.000ms ,    0.000ms ,    6.421ms ,   15.625ms ,    0.000ms ,    0.000ms ,    0.993ms ,    0.000ms ,    0.000ms ,    0.000ms ,    5.064ms ,   15.625ms ,    0.000ms ,    0.000ms ,   39.243ms ,   15.625ms ,    0.000ms ,    0.000ms
sublime         , complete_vbo              ,   56.043ms ,   46.875ms ,    0.000ms ,   54.973ms ,   31.250ms ,    0.000ms ,   55.619ms ,   11.625ms ,   15.625ms ,    0.000ms ,    0.000ms ,   13.238ms ,    0.000ms ,    0.000ms ,    0.000ms ,    0.956ms ,    0.000ms ,    0.000ms ,    0.000ms ,    2.352ms ,    0.000ms ,    0.000ms ,    0.000ms ,   26.802ms ,   15.625ms ,    0.000ms ,    0.000ms
sublime         , one_ssbo                  ,   48.980ms ,   62.500ms ,    0.000ms ,   47.998ms ,   62.500ms ,    0.000ms ,   48.519ms ,    1.749ms ,    0.000ms ,    0.000ms ,    0.000ms ,    3.440ms ,    0.000ms ,    0.000ms ,    0.000ms ,    1.084ms ,   15.625ms ,    0.000ms ,    0.000ms ,    5.327ms ,    0.000ms ,    0.000ms ,    0.000ms ,   36.398ms ,   46.875ms ,    0.000ms ,    0.000ms
sublime         , ssbo_instr_list           ,   70.938ms ,   62.500ms ,    0.000ms ,   69.898ms ,   46.875ms ,    0.000ms ,   70.454ms ,    1.955ms ,    0.000ms ,    0.000ms ,    0.000ms ,    1.938ms ,    0.000ms ,    0.000ms ,    0.000ms ,    0.932ms ,    0.000ms ,    0.000ms ,    0.000ms ,   34.099ms ,   15.625ms ,    0.000ms ,    0.000ms ,   30.974ms ,   31.250ms ,    0.000ms ,    0.000ms
sublime         , ssbo_inlined_instr_6      ,   33.998ms ,   15.625ms ,    0.000ms ,   32.921ms ,   15.625ms ,    0.000ms ,   33.677ms ,    5.019ms ,    0.000ms ,    0.000ms ,    0.000ms ,    3.568ms ,    0.000ms ,    0.000ms ,    0.000ms ,    1.020ms ,    0.000ms ,    0.000ms ,    0.000ms ,    2.601ms ,    0.000ms ,    0.000ms ,    0.000ms ,   20.713ms ,   15.625ms ,    0.000ms ,    0.000ms
sublime         , ssbo_inlined_instr_4_4    ,   32.315ms ,   31.250ms ,    0.000ms ,   31.277ms ,   31.250ms ,    0.000ms ,   32.035ms ,    3.144ms ,   15.625ms ,    0.000ms ,    0.000ms ,    2.637ms ,    0.000ms ,    0.000ms ,    0.000ms ,    0.892ms ,    0.000ms ,    0.000ms ,    0.000ms ,    2.322ms ,    0.000ms ,    0.000ms ,    0.000ms ,   22.282ms ,   15.625ms ,    0.000ms ,    0.000ms
sublime         , ssbo_inlined_instr_6_6    ,   35.422ms ,   31.250ms ,    0.000ms ,   34.341ms ,   31.250ms ,    0.000ms ,   35.095ms ,    3.588ms ,    0.000ms ,    0.000ms ,    0.000ms ,    4.345ms ,    0.000ms ,    0.000ms ,    0.000ms ,    1.106ms ,   15.625ms ,    0.000ms ,    0.000ms ,    2.393ms ,    0.000ms ,    0.000ms ,    0.000ms ,   22.909ms ,   15.625ms ,    0.000ms ,    0.000ms
sublime         , ssbo_inlined_instr_8_8    ,   37.222ms ,   31.250ms ,    0.000ms ,   36.103ms ,   31.250ms ,    0.000ms ,   36.894ms ,    3.393ms ,   15.625ms ,    0.000ms ,    0.000ms ,    4.026ms ,   15.625ms ,    0.000ms ,    0.000ms ,    1.606ms ,    0.000ms ,    0.000ms ,    0.000ms ,    3.186ms ,    0.000ms ,    0.000ms ,    0.000ms ,   23.892ms ,    0.000ms ,    0.000ms ,    0.000ms
sublime         , ssbo_inlined_instr_10_10  ,   36.753ms ,   31.250ms ,    0.000ms ,   35.690ms ,   31.250ms ,    0.000ms ,   36.415ms ,    3.512ms ,   15.625ms ,    0.000ms ,    0.000ms ,    4.262ms ,    0.000ms ,    0.000ms ,    0.000ms ,    1.032ms ,   15.625ms ,    0.000ms ,    0.000ms ,    4.508ms ,    0.000ms ,    0.000ms ,    0.000ms ,   22.376ms ,    0.000ms ,    0.000ms ,    0.000ms
sublime         , ssbo_inlined_instr_20_20  ,   63.678ms ,   62.500ms ,    0.000ms ,   62.667ms ,   62.500ms ,    0.000ms ,   63.146ms ,    4.286ms ,    0.000ms ,    0.000ms ,    0.000ms ,    6.911ms ,   31.250ms ,    0.000ms ,    0.000ms ,    0.963ms ,   15.625ms ,    0.000ms ,    0.000ms ,   19.551ms ,    0.000ms ,    0.000ms ,    0.000ms ,   30.956ms ,   15.625ms ,    0.000ms ,    0.000ms
sublime         , ssbo_inlined_instr_4_6    ,   29.960ms ,   15.625ms ,    0.000ms ,   28.854ms ,   15.625ms ,    0.000ms ,   29.681ms ,    3.623ms ,    0.000ms ,    0.000ms ,    0.000ms ,    3.853ms ,    0.000ms ,    0.000ms ,    0.000ms ,    0.987ms ,    0.000ms ,    0.000ms ,    0.000ms ,    2.449ms ,    0.000ms ,    0.000ms ,    0.000ms ,   17.942ms ,   15.625ms ,    0.000ms ,    0.000ms
sublime         , ssbo_inlined_instr_4_8    ,   32.345ms ,   15.625ms ,    0.000ms ,   31.320ms ,   15.625ms ,    0.000ms ,   32.036ms ,    3.054ms ,    0.000ms ,    0.000ms ,    0.000ms ,    2.164ms ,    0.000ms ,    0.000ms ,    0.000ms ,    0.967ms ,    0.000ms ,    0.000ms ,    0.000ms ,    4.686ms ,   15.625ms ,    0.000ms ,    0.000ms ,   20.449ms ,    0.000ms ,    0.000ms ,    0.000ms
sublime         , ssbo_inlined_instr_4_10   ,   34.247ms ,   46.875ms ,    0.000ms ,   33.209ms ,   46.875ms ,    0.000ms ,   33.920ms ,    3.071ms ,    0.000ms ,    0.000ms ,    0.000ms ,    2.181ms ,    0.000ms ,    0.000ms ,    0.000ms ,    1.053ms ,    0.000ms ,    0.000ms ,    0.000ms ,    5.125ms ,   15.625ms ,    0.000ms ,    0.000ms ,   21.779ms ,   31.250ms ,    0.000ms ,    0.000ms
sublime         , ssbo_inlined_instr_4_20   ,   55.879ms ,   46.875ms ,    0.000ms ,   54.807ms ,   46.875ms ,    0.000ms ,   55.345ms ,    2.970ms ,    0.000ms ,    0.000ms ,    0.000ms ,    2.064ms ,    0.000ms ,    0.000ms ,    0.000ms ,    0.929ms ,    0.000ms ,    0.000ms ,    0.000ms ,   21.313ms ,   46.875ms ,    0.000ms ,    0.000ms ,   27.531ms ,    0.000ms ,    0.000ms ,    0.000ms
sublime         , ssbo_inlined_instr_6_4    ,   30.100ms ,   31.250ms ,    0.000ms ,   28.895ms ,   31.250ms ,    0.000ms ,   29.786ms ,    4.866ms ,    0.000ms ,    0.000ms ,    0.000ms ,    2.504ms ,    0.000ms ,    0.000ms ,    0.000ms ,    0.967ms ,    0.000ms ,    0.000ms ,    0.000ms ,    2.939ms ,    0.000ms ,    0.000ms ,    0.000ms ,   17.619ms ,   31.250ms ,    0.000ms ,    0.000ms
sublime         , ssbo_inlined_instr_8_4    ,   30.931ms ,   31.250ms ,    0.000ms ,   29.702ms ,   31.250ms ,    0.000ms ,   30.628ms ,    5.046ms ,    0.000ms ,    0.000ms ,    0.000ms ,    3.119ms ,    0.000ms ,    0.000ms ,    0.000ms ,    1.017ms ,    0.000ms ,    0.000ms ,    0.000ms ,    2.908ms ,    0.000ms ,    0.000ms ,    0.000ms ,   17.612ms ,   31.250ms ,    0.000ms ,    0.000ms
sublime         , ssbo_inlined_instr_10_4   ,   31.354ms ,   31.250ms ,    0.000ms ,   30.118ms ,   31.250ms ,    0.000ms ,   31.055ms ,    5.368ms ,    0.000ms ,    0.000ms ,    0.000ms ,    3.432ms ,    0.000ms ,    0.000ms ,    0.000ms ,    0.953ms ,   15.625ms ,    0.000ms ,    0.000ms ,    2.500ms ,    0.000ms ,    0.000ms ,    0.000ms ,   17.865ms ,   15.625ms ,    0.000ms ,    0.000ms
sublime         , ssbo_inlined_instr_20_4   ,   34.008ms ,   15.625ms ,    0.000ms ,   32.831ms ,   15.625ms ,    0.000ms ,   33.532ms ,    5.419ms ,    0.000ms ,    0.000ms ,    0.000ms ,    6.213ms ,    0.000ms ,    0.000ms ,    0.000ms ,    1.691ms ,    0.000ms ,    0.000ms ,    0.000ms ,    2.180ms ,    0.000ms ,    0.000ms ,    0.000ms ,   17.328ms ,   15.625ms ,    0.000ms ,    0.000ms
sublime         , ssbo_instr_combo_4        ,   28.857ms ,   31.250ms ,    0.000ms ,   27.645ms ,   31.250ms ,    0.000ms ,   28.594ms ,    3.906ms ,    0.000ms ,    0.000ms ,    0.000ms ,    1.586ms ,    0.000ms ,    0.000ms ,    0.000ms ,    0.914ms ,    0.000ms ,    0.000ms ,    0.000ms ,    2.654ms ,    0.000ms ,    0.000ms ,    0.000ms ,   18.585ms ,   31.250ms ,    0.000ms ,    0.000ms
sublime         , ssbo_instr_combo_6        ,   29.321ms ,   15.625ms ,    0.000ms ,   28.259ms ,   15.625ms ,    0.000ms ,   29.046ms ,    2.420ms ,    0.000ms ,    0.000ms ,    0.000ms ,    3.057ms ,    0.000ms ,    0.000ms ,    0.000ms ,    0.949ms ,    0.000ms ,    0.000ms ,    0.000ms ,    2.479ms ,    0.000ms ,    0.000ms ,    0.000ms ,   19.354ms ,   15.625ms ,    0.000ms ,    0.000ms
sublime         , ssbo_instr_combo_8        ,   30.679ms ,   31.250ms ,    0.000ms ,   29.725ms ,   31.250ms ,    0.000ms ,   30.381ms ,    2.197ms ,    0.000ms ,    0.000ms ,    0.000ms ,    1.740ms ,    0.000ms ,    0.000ms ,    0.000ms ,    1.165ms ,   15.625ms ,    0.000ms ,    0.000ms ,    4.536ms ,    0.000ms ,    0.000ms ,    0.000ms ,   20.087ms ,   15.625ms ,    0.000ms ,    0.000ms
sublime         , ssbo_instr_combo_10       ,   32.735ms ,   31.250ms ,    0.000ms ,   31.671ms ,   31.250ms ,    0.000ms ,   32.420ms ,    2.215ms ,    0.000ms ,    0.000ms ,    0.000ms ,    1.820ms ,   15.625ms ,    0.000ms ,    0.000ms ,    1.208ms ,    0.000ms ,    0.000ms ,    0.000ms ,    4.875ms ,    0.000ms ,    0.000ms ,    0.000ms ,   21.553ms ,   15.625ms ,    0.000ms ,    0.000ms
sublime         , ssbo_instr_combo_20       ,   56.488ms ,   46.875ms ,    0.000ms ,   55.457ms ,   46.875ms ,    0.000ms ,   55.956ms ,    2.093ms ,    0.000ms ,    0.000ms ,    0.000ms ,    1.614ms ,    0.000ms ,    0.000ms ,    0.000ms ,    0.897ms ,    0.000ms ,    0.000ms ,    0.000ms ,   22.756ms ,   15.625ms ,    0.000ms ,    0.000ms ,   28.097ms ,   31.250ms ,    0.000ms ,    0.000ms
sublime         , one_ssbo_ext_no_sdf       ,   28.624ms ,   31.250ms ,    0.000ms ,   25.590ms ,   15.625ms ,    0.000ms ,   28.174ms ,    1.919ms ,    0.000ms ,    0.000ms ,    0.000ms ,    1.993ms ,    0.000ms ,    0.000ms ,    0.000ms ,    0.897ms ,    0.000ms ,    0.000ms ,    0.000ms ,    2.285ms ,    0.000ms ,    0.000ms ,    0.000ms ,   18.496ms ,   15.625ms ,    0.000ms ,    0.000ms
sublime         , one_ssbo_ext_sdf_list     ,   29.057ms ,   31.250ms ,    0.000ms ,   27.921ms ,   31.250ms ,    0.000ms ,   28.655ms ,    2.724ms ,   15.625ms ,    0.000ms ,    0.000ms ,    4.223ms ,    0.000ms ,    0.000ms ,    0.000ms ,    0.895ms ,    0.000ms ,    0.000ms ,    0.000ms ,    2.318ms ,    0.000ms ,    0.000ms ,    0.000ms ,   17.761ms ,   15.625ms ,    0.000ms ,    0.000ms
sublime         , one_ssbo_ext_one_sdf      ,   29.408ms ,   31.250ms ,    0.000ms ,   28.335ms ,   31.250ms ,    0.000ms ,   29.116ms ,    2.516ms ,    0.000ms ,    0.000ms ,    0.000ms ,    2.527ms ,    0.000ms ,    0.000ms ,    0.000ms ,    0.891ms ,    0.000ms ,    0.000ms ,    0.000ms ,    2.212ms ,    0.000ms ,    0.000ms ,    0.000ms ,   20.189ms ,   31.250ms ,    0.000ms ,    0.000ms
sublime         , one_ssbo_ext_one_sdf_pack ,   29.444ms ,   15.625ms ,    0.000ms ,   28.505ms ,   15.625ms ,    0.000ms ,   29.153ms ,    2.260ms ,    0.000ms ,    0.000ms ,    0.000ms ,    2.465ms ,    0.000ms ,    0.000ms ,    0.000ms ,    0.831ms ,    0.000ms ,    0.000ms ,    0.000ms ,    2.161ms ,    0.000ms ,    0.000ms ,    0.000ms ,   20.788ms ,   15.625ms ,    0.000ms ,    0.000ms
sublime         , inst_div                  ,   27.400ms ,   15.625ms ,    0.000ms ,   26.456ms ,    0.000ms ,    0.000ms ,   27.122ms ,    2.319ms ,    0.000ms ,    0.000ms ,    0.000ms ,    2.478ms ,    0.000ms ,    0.000ms ,    0.000ms ,    0.894ms ,    0.000ms ,    0.000ms ,    0.000ms ,    2.116ms ,    0.000ms ,    0.000ms ,    0.000ms ,   18.649ms ,    0.000ms ,    0.000ms ,    0.000ms
mediaplayer     , 1rect_1draw               ,   28.031ms ,   15.625ms ,    0.000ms ,   24.875ms ,   15.625ms ,    0.000ms ,   27.768ms ,    0.141ms ,    0.000ms ,    0.000ms ,    0.000ms ,    0.252ms ,    0.000ms ,    0.000ms ,    0.000ms ,    0.931ms ,    0.000ms ,    0.000ms ,    0.000ms ,    5.861ms ,    0.000ms ,    0.000ms ,    0.000ms ,   17.690ms ,   15.625ms ,    0.000ms ,    0.000ms
mediaplayer     , simple_vbo                ,   27.666ms ,   15.625ms ,    0.000ms ,   26.688ms ,   15.625ms ,    0.000ms ,   27.397ms ,    0.133ms ,    0.000ms ,    0.000ms ,    0.000ms ,    0.342ms ,    0.000ms ,    0.000ms ,    0.000ms ,    0.843ms ,    0.000ms ,    0.000ms ,    0.000ms ,    2.076ms ,    0.000ms ,    0.000ms ,    0.000ms ,   23.294ms ,   15.625ms ,    0.000ms ,    0.000ms
mediaplayer     , simple_vbo_stor           ,   26.963ms ,   31.250ms ,    0.000ms ,   25.976ms ,   31.250ms ,    0.000ms ,   26.710ms ,    0.131ms ,    0.000ms ,    0.000ms ,    0.000ms ,    0.565ms ,    0.000ms ,    0.000ms ,    0.000ms ,    0.817ms ,    0.000ms ,    0.000ms ,    0.000ms ,    1.834ms ,    0.000ms ,    0.000ms ,    0.000ms ,   22.629ms ,   31.250ms ,    0.000ms ,    0.000ms
mediaplayer     , complete_vbo              ,   27.531ms ,   31.250ms ,    0.000ms ,   26.579ms ,   31.250ms ,    0.000ms ,   27.273ms ,    0.196ms ,    0.000ms ,    0.000ms ,    0.000ms ,    0.702ms ,    0.000ms ,    0.000ms ,    0.000ms ,    0.830ms ,    0.000ms ,    0.000ms ,    0.000ms ,    2.099ms ,    0.000ms ,    0.000ms ,    0.000ms ,   22.752ms ,   31.250ms ,    0.000ms ,    0.000ms
mediaplayer     , one_ssbo                  ,   27.530ms ,   15.625ms ,    0.000ms ,   26.392ms ,   15.625ms ,    0.000ms ,   27.244ms ,    0.249ms ,    0.000ms ,    0.000ms ,    0.000ms ,    0.832ms ,    0.000ms ,    0.000ms ,    0.000ms ,    1.349ms ,    0.000ms ,    0.000ms ,    0.000ms ,    2.071ms ,    0.000ms ,    0.000ms ,    0.000ms ,   21.891ms ,   15.625ms ,    0.000ms ,    0.000ms
mediaplayer     , ssbo_instr_list           ,   58.762ms ,   15.625ms ,    0.000ms ,   57.752ms ,   15.625ms ,    0.000ms ,   58.150ms ,    0.144ms ,    0.000ms ,    0.000ms ,    0.000ms ,   43.714ms ,    0.000ms ,    0.000ms ,    0.000ms ,    1.016ms ,    0.000ms ,    0.000ms ,    0.000ms ,    2.291ms ,    0.000ms ,    0.000ms ,    0.000ms ,   10.587ms ,   15.625ms ,    0.000ms ,    0.000ms
mediaplayer     , ssbo_inlined_instr_6      ,   42.329ms ,   15.625ms ,    0.000ms ,   41.263ms ,   15.625ms ,    0.000ms ,   41.994ms ,    0.160ms ,    0.000ms ,    0.000ms ,    0.000ms ,   24.343ms ,    0.000ms ,    0.000ms ,    0.000ms ,    1.029ms ,    0.000ms ,    0.000ms ,    0.000ms ,    2.842ms ,    0.000ms ,    0.000ms ,    0.000ms ,   12.889ms ,   15.625ms ,    0.000ms ,    0.000ms
mediaplayer     , ssbo_inlined_instr_4_4    ,   37.127ms ,   31.250ms ,    0.000ms ,   35.819ms ,   31.250ms ,    0.000ms ,   36.706ms ,    0.186ms ,    0.000ms ,    0.000ms ,    0.000ms ,   16.165ms ,    0.000ms ,    0.000ms ,    0.000ms ,    1.066ms ,    0.000ms ,    0.000ms ,    0.000ms ,    2.398ms ,    0.000ms ,    0.000ms ,    0.000ms ,   16.004ms ,   31.250ms ,    0.000ms ,    0.000ms
mediaplayer     , ssbo_inlined_instr_6_6    ,   42.478ms ,   31.250ms ,    0.000ms ,   41.464ms ,   31.250ms ,    0.000ms ,   42.146ms ,    0.144ms ,    0.000ms ,    0.000ms ,    0.000ms ,   25.017ms ,    0.000ms ,    0.000ms ,    0.000ms ,    0.997ms ,    0.000ms ,    0.000ms ,    0.000ms ,    2.753ms ,    0.000ms ,    0.000ms ,    0.000ms ,   12.553ms ,   31.250ms ,    0.000ms ,    0.000ms
mediaplayer     , ssbo_inlined_instr_8_8    ,   43.356ms ,   15.625ms ,    0.000ms ,   42.312ms ,   15.625ms ,    0.000ms ,   42.986ms ,    0.163ms ,    0.000ms ,    0.000ms ,    0.000ms ,   25.358ms ,    0.000ms ,    0.000ms ,    0.000ms ,    0.950ms ,    0.000ms ,    0.000ms ,    0.000ms ,    3.070ms ,    0.000ms ,    0.000ms ,    0.000ms ,   12.771ms ,   15.625ms ,    0.000ms ,    0.000ms
mediaplayer     , ssbo_inlined_instr_10_10  ,   43.569ms ,   31.250ms ,    0.000ms ,   42.537ms ,   31.250ms ,    0.000ms ,   43.127ms ,    0.157ms ,    0.000ms ,    0.000ms ,    0.000ms ,   24.527ms ,   15.625ms ,    0.000ms ,    0.000ms ,    0.968ms ,    0.000ms ,    0.000ms ,    0.000ms ,    3.402ms ,    0.000ms ,    0.000ms ,    0.000ms ,   13.483ms ,   15.625ms ,    0.000ms ,    0.000ms
mediaplayer     , ssbo_inlined_instr_20_20  ,   61.252ms ,   62.500ms ,    0.000ms ,   60.216ms ,   62.500ms ,    0.000ms ,   60.707ms ,    0.164ms ,    0.000ms ,    0.000ms ,    0.000ms ,   32.188ms ,    0.000ms ,    0.000ms ,    0.000ms ,    1.015ms ,    0.000ms ,    0.000ms ,    0.000ms ,    9.770ms ,    0.000ms ,    0.000ms ,    0.000ms ,   17.079ms ,   62.500ms ,    0.000ms ,    0.000ms
mediaplayer     , ssbo_inlined_instr_4_6    ,   42.920ms ,   15.625ms ,    0.000ms ,   41.898ms ,   15.625ms ,    0.000ms ,   42.504ms ,    0.142ms ,    0.000ms ,    0.000ms ,    0.000ms ,   26.338ms ,    0.000ms ,    0.000ms ,    0.000ms ,    0.977ms ,    0.000ms ,    0.000ms ,    0.000ms ,    2.647ms ,   15.625ms ,    0.000ms ,    0.000ms ,   11.794ms ,    0.000ms ,    0.000ms ,    0.000ms
mediaplayer     , ssbo_inlined_instr_4_8    ,   44.124ms ,   31.250ms ,    0.000ms ,   43.096ms ,   31.250ms ,    0.000ms ,   43.667ms ,    0.144ms ,    0.000ms ,    0.000ms ,    0.000ms ,   26.855ms ,    0.000ms ,    0.000ms ,    0.000ms ,    0.988ms ,    0.000ms ,    0.000ms ,    0.000ms ,    2.644ms ,    0.000ms ,    0.000ms ,    0.000ms ,   12.465ms ,   31.250ms ,    0.000ms ,    0.000ms
mediaplayer     , ssbo_inlined_instr_4_10   ,   46.706ms ,    0.000ms ,    0.000ms ,   45.725ms ,    0.000ms ,    0.000ms ,   46.248ms ,    0.156ms ,    0.000ms ,    0.000ms ,    0.000ms ,   30.000ms ,    0.000ms ,    0.000ms ,    0.000ms ,    0.966ms ,    0.000ms ,    0.000ms ,    0.000ms ,    2.843ms ,    0.000ms ,    0.000ms ,    0.000ms ,   11.760ms ,    0.000ms ,    0.000ms ,    0.000ms
mediaplayer     , ssbo_inlined_instr_4_20   ,   68.546ms ,   31.250ms ,    0.000ms ,   67.473ms ,   31.250ms ,    0.000ms ,   67.806ms ,    0.148ms ,    0.000ms ,    0.000ms ,    0.000ms ,   49.624ms ,   15.625ms ,    0.000ms ,    0.000ms ,    0.979ms ,    0.000ms ,    0.000ms ,    0.000ms ,    4.480ms ,    0.000ms ,    0.000ms ,    0.000ms ,   12.242ms ,   15.625ms ,    0.000ms ,    0.000ms
mediaplayer     , ssbo_inlined_instr_6_4    ,   46.839ms ,   46.875ms ,    0.000ms ,   45.752ms ,   46.875ms ,    0.000ms ,   46.473ms ,    0.155ms ,    0.000ms ,    0.000ms ,    0.000ms ,   28.864ms ,    0.000ms ,    0.000ms ,    0.000ms ,    0.979ms ,    0.000ms ,    0.000ms ,    0.000ms ,    2.905ms ,    0.000ms ,    0.000ms ,    0.000ms ,   12.849ms ,   46.875ms ,    0.000ms ,    0.000ms
mediaplayer     , ssbo_inlined_instr_8_4    ,   46.448ms ,   15.625ms ,    0.000ms ,   45.440ms ,   15.625ms ,    0.000ms ,   46.049ms ,    0.155ms ,    0.000ms ,    0.000ms ,    0.000ms ,   27.506ms ,   15.625ms ,    0.000ms ,    0.000ms ,    1.014ms ,    0.000ms ,    0.000ms ,    0.000ms ,    3.060ms ,    0.000ms ,    0.000ms ,    0.000ms ,   13.705ms ,    0.000ms ,    0.000ms ,    0.000ms
mediaplayer     , ssbo_inlined_instr_10_4   ,   45.509ms ,   15.625ms ,    0.000ms ,   44.478ms ,   15.625ms ,    0.000ms ,   45.045ms ,    0.149ms ,    0.000ms ,    0.000ms ,    0.000ms ,   26.888ms ,    0.000ms ,    0.000ms ,    0.000ms ,    1.026ms ,    0.000ms ,    0.000ms ,    0.000ms ,    3.138ms ,    0.000ms ,    0.000ms ,    0.000ms ,   13.277ms ,   15.625ms ,    0.000ms ,    0.000ms
mediaplayer     , ssbo_inlined_instr_20_4   ,   41.996ms ,    0.000ms ,    0.000ms ,   40.954ms ,    0.000ms ,    0.000ms ,   41.631ms ,    0.169ms ,    0.000ms ,    0.000ms ,    0.000ms ,   18.804ms ,    0.000ms ,    0.000ms ,    0.000ms ,    0.935ms ,    0.000ms ,    0.000ms ,    0.000ms ,    4.027ms ,    0.000ms ,    0.000ms ,    0.000ms ,   17.019ms ,    0.000ms ,    0.000ms ,    0.000ms
mediaplayer     , ssbo_instr_combo_4        ,   49.319ms ,    0.000ms ,    0.000ms ,   48.270ms ,    0.000ms ,    0.000ms ,   48.849ms ,    0.139ms ,    0.000ms ,    0.000ms ,    0.000ms ,   34.059ms ,    0.000ms ,    0.000ms ,    0.000ms ,    1.055ms ,    0.000ms ,    0.000ms ,    0.000ms ,    2.276ms ,    0.000ms ,    0.000ms ,    0.000ms ,   10.741ms ,    0.000ms ,    0.000ms ,    0.000ms
mediaplayer     , ssbo_instr_combo_6        ,   50.610ms ,    0.000ms ,    0.000ms ,   49.622ms ,    0.000ms ,    0.000ms ,   50.125ms ,    0.140ms ,    0.000ms ,    0.000ms ,    0.000ms ,   35.711ms ,    0.000ms ,    0.000ms ,    0.000ms ,    1.023ms ,    0.000ms ,    0.000ms ,    0.000ms ,    2.270ms ,    0.000ms ,    0.000ms ,    0.000ms ,   10.478ms ,    0.000ms ,    0.000ms ,    0.000ms
mediaplayer     , ssbo_instr_combo_8        ,   53.555ms ,   15.625ms ,    0.000ms ,   52.518ms ,   15.625ms ,    0.000ms ,   53.044ms ,    0.144ms ,    0.000ms ,    0.000ms ,    0.000ms ,   38.112ms ,    0.000ms ,    0.000ms ,    0.000ms ,    1.042ms ,    0.000ms ,    0.000ms ,    0.000ms ,    2.281ms ,    0.000ms ,    0.000ms ,    0.000ms ,   10.939ms ,   15.625ms ,    0.000ms ,    0.000ms
mediaplayer     , ssbo_instr_combo_10       ,   53.600ms ,    0.000ms ,    0.000ms ,   52.574ms ,    0.000ms ,    0.000ms ,   53.076ms ,    0.142ms ,    0.000ms ,    0.000ms ,    0.000ms ,   38.508ms ,    0.000ms ,    0.000ms ,    0.000ms ,    0.982ms ,    0.000ms ,    0.000ms ,    0.000ms ,    2.266ms ,    0.000ms ,    0.000ms ,    0.000ms ,   10.676ms ,    0.000ms ,    0.000ms ,    0.000ms
mediaplayer     , ssbo_instr_combo_20       ,   80.822ms ,   15.625ms ,    0.000ms ,   79.750ms ,   15.625ms ,    0.000ms ,   79.680ms ,    0.155ms ,    0.000ms ,    0.000ms ,    0.000ms ,   65.388ms ,    0.000ms ,    0.000ms ,    0.000ms ,    0.987ms ,    0.000ms ,    0.000ms ,    0.000ms ,    2.278ms ,    0.000ms ,    0.000ms ,    0.000ms ,   10.942ms ,   15.625ms ,    0.000ms ,    0.000ms
mediaplayer     , one_ssbo_ext_no_sdf       ,   47.476ms ,    0.000ms ,    0.000ms ,   46.411ms ,    0.000ms ,    0.000ms ,   46.947ms ,    0.165ms ,    0.000ms ,    0.000ms ,    0.000ms ,   30.759ms ,    0.000ms ,    0.000ms ,    0.000ms ,    0.981ms ,    0.000ms ,    0.000ms ,    0.000ms ,    2.418ms ,    0.000ms ,    0.000ms ,    0.000ms ,   12.088ms ,    0.000ms ,    0.000ms ,    0.000ms
mediaplayer     , one_ssbo_ext_sdf_list     ,   51.530ms ,   15.625ms ,    0.000ms ,   50.536ms ,   15.625ms ,    0.000ms ,   51.120ms ,    0.145ms ,    0.000ms ,    0.000ms ,    0.000ms ,   33.580ms ,    0.000ms ,    0.000ms ,    0.000ms ,    1.006ms ,    0.000ms ,    0.000ms ,    0.000ms ,    3.112ms ,    0.000ms ,    0.000ms ,    0.000ms ,   12.693ms ,   15.625ms ,    0.000ms ,    0.000ms
mediaplayer     , one_ssbo_ext_one_sdf      ,   47.437ms ,   31.250ms ,    0.000ms ,   46.358ms ,   15.625ms ,    0.000ms ,   47.051ms ,    0.140ms ,    0.000ms ,    0.000ms ,    0.000ms ,   28.948ms ,    0.000ms ,    0.000ms ,    0.000ms ,    0.996ms ,    0.000ms ,    0.000ms ,    0.000ms ,    2.974ms ,    0.000ms ,    0.000ms ,    0.000ms ,   13.300ms ,   15.625ms ,    0.000ms ,    0.000ms
mediaplayer     , one_ssbo_ext_one_sdf_pack ,   48.369ms ,   15.625ms ,    0.000ms ,   47.317ms ,   15.625ms ,    0.000ms ,   47.929ms ,    0.140ms ,    0.000ms ,    0.000ms ,    0.000ms ,   29.786ms ,    0.000ms ,    0.000ms ,    0.000ms ,    1.003ms ,    0.000ms ,    0.000ms ,    0.000ms ,    2.914ms ,    0.000ms ,    0.000ms ,    0.000ms ,   13.474ms ,   15.625ms ,    0.000ms ,    0.000ms
mediaplayer     , inst_div                  ,   31.268ms ,   31.250ms ,    0.000ms ,   30.248ms ,   31.250ms ,    0.000ms ,   30.958ms ,    0.134ms ,    0.000ms ,    0.000ms ,    0.000ms ,    0.337ms ,    0.000ms ,    0.000ms ,    0.000ms ,    0.934ms ,    0.000ms ,    0.000ms ,    0.000ms ,    2.225ms ,   15.625ms ,    0.000ms ,    0.000ms ,   26.618ms ,   15.625ms ,    0.000ms ,    0.000ms
demo            , one_ssbo_ext_one_sdf_demo ,   35.156ms ,   31.250ms ,    0.000ms ,   34.143ms ,   31.250ms ,    0.000ms ,   34.835ms ,    0.120ms ,    0.000ms ,    0.000ms ,    0.000ms ,    7.131ms ,    0.000ms ,    0.000ms ,    0.000ms ,    0.964ms ,    0.000ms ,    0.000ms ,    0.000ms ,    2.176ms ,    0.000ms ,    0.000ms ,    0.000ms ,   23.752ms ,   31.250ms ,    0.000ms ,    0.000ms
sublime         , 1rect_1draw               ,  432.955ms ,  406.250ms ,    0.000ms ,  431.690ms ,  406.250ms ,    0.000ms ,  428.441ms ,    0.160ms ,    0.000ms ,    0.000ms ,    0.000ms ,    0.276ms ,    0.000ms ,    0.000ms ,    0.000ms ,    1.012ms ,    0.000ms ,    0.000ms ,    0.000ms ,  398.085ms ,  375.000ms ,    0.000ms ,    0.000ms ,   32.157ms ,   31.250ms ,    0.000ms ,    0.000ms
sublime         , simple_vbo                ,   49.201ms ,   31.250ms ,    0.000ms ,   48.176ms ,   31.250ms ,    0.000ms ,   48.778ms ,    1.778ms ,    0.000ms ,    0.000ms ,    0.000ms ,    5.099ms ,    0.000ms ,    0.000ms ,    0.000ms ,    1.491ms ,    0.000ms ,    0.000ms ,    0.000ms ,    2.178ms ,    0.000ms ,    0.000ms ,    0.000ms ,   37.630ms ,   31.250ms ,    0.000ms ,    0.000ms
sublime         , simple_vbo_stor           ,   56.033ms ,   46.875ms ,    0.000ms ,   54.978ms ,   46.875ms ,    0.000ms ,   55.516ms ,    1.478ms ,    0.000ms ,    0.000ms ,    0.000ms ,    6.423ms ,    0.000ms ,    0.000ms ,    0.000ms ,    0.929ms ,    0.000ms ,    0.000ms ,    0.000ms ,    5.953ms ,    0.000ms ,    0.000ms ,    0.000ms ,   40.195ms ,   46.875ms ,    0.000ms ,    0.000ms
sublime         , complete_vbo              ,   53.127ms ,   62.500ms ,    0.000ms ,   52.104ms ,   62.500ms ,    0.000ms ,   52.687ms ,   10.867ms ,    0.000ms ,    0.000ms ,    0.000ms ,   10.538ms ,    0.000ms ,    0.000ms ,    0.000ms ,    0.922ms ,    0.000ms ,    0.000ms ,    0.000ms ,    2.281ms ,    0.000ms ,    0.000ms ,    0.000ms ,   27.496ms ,   62.500ms ,    0.000ms ,    0.000ms
sublime         , one_ssbo                  ,   52.127ms ,   46.875ms ,    0.000ms ,   51.048ms ,   46.875ms ,    0.000ms ,   51.650ms ,    2.026ms ,    0.000ms ,    0.000ms ,    0.000ms ,    3.125ms ,    0.000ms ,    0.000ms ,    0.000ms ,    1.176ms ,    0.000ms ,    0.000ms ,    0.000ms ,    5.046ms ,    0.000ms ,    0.000ms ,    0.000ms ,   39.675ms ,   46.875ms ,    0.000ms ,    0.000ms
sublime         , ssbo_instr_list           ,   74.889ms ,   78.125ms ,    0.000ms ,   73.893ms ,   78.125ms ,    0.000ms ,   74.440ms ,    1.970ms ,    0.000ms ,    0.000ms ,    0.000ms ,    1.722ms ,    0.000ms ,    0.000ms ,    0.000ms ,    0.873ms ,    0.000ms ,    0.000ms ,    0.000ms ,   36.203ms ,   31.250ms ,    0.000ms ,    0.000ms ,   33.125ms ,   46.875ms ,    0.000ms ,    0.000ms
sublime         , ssbo_inlined_instr_6      ,   32.448ms ,   31.250ms ,    0.000ms ,   31.436ms ,   31.250ms ,    0.000ms ,   32.150ms ,    6.031ms ,    0.000ms ,    0.000ms ,    0.000ms ,    2.648ms ,    0.000ms ,    0.000ms ,    0.000ms ,    0.999ms ,    0.000ms ,    0.000ms ,    0.000ms ,    2.459ms ,    0.000ms ,    0.000ms ,    0.000ms ,   19.299ms ,   31.250ms ,    0.000ms ,    0.000ms
sublime         , ssbo_inlined_instr_4_4    ,   30.780ms ,   31.250ms ,    0.000ms ,   29.619ms ,   31.250ms ,    0.000ms ,   30.505ms ,    3.875ms ,    0.000ms ,    0.000ms ,    0.000ms ,    2.321ms ,    0.000ms ,    0.000ms ,    0.000ms ,    1.031ms ,    0.000ms ,    0.000ms ,    0.000ms ,    2.436ms ,   15.625ms ,    0.000ms ,    0.000ms ,   19.956ms ,   15.625ms ,    0.000ms ,    0.000ms
sublime         , ssbo_inlined_instr_6_6    ,   31.642ms ,   31.250ms ,    0.000ms ,   30.603ms ,   15.625ms ,    0.000ms ,   31.342ms ,    3.389ms ,    0.000ms ,    0.000ms ,    0.000ms ,    3.143ms ,    0.000ms ,    0.000ms ,    0.000ms ,    1.053ms ,    0.000ms ,    0.000ms ,    0.000ms ,    2.165ms ,    0.000ms ,    0.000ms ,    0.000ms ,   20.853ms ,   15.625ms ,    0.000ms ,    0.000ms
sublime         , ssbo_inlined_instr_8_8    ,   34.374ms ,   31.250ms ,    0.000ms ,   33.273ms ,   31.250ms ,    0.000ms ,   34.064ms ,    3.758ms ,   15.625ms ,    0.000ms ,    0.000ms ,    3.708ms ,    0.000ms ,    0.000ms ,    0.000ms ,    1.102ms ,    0.000ms ,    0.000ms ,    0.000ms ,    2.339ms ,    0.000ms ,    0.000ms ,    0.000ms ,   22.366ms ,   15.625ms ,    0.000ms ,    0.000ms
sublime         , ssbo_inlined_instr_10_10  ,   36.094ms ,   31.250ms ,    0.000ms ,   35.088ms ,   31.250ms ,    0.000ms ,   35.774ms ,    3.663ms ,    0.000ms ,    0.000ms ,    0.000ms ,    4.649ms ,   31.250ms ,    0.000ms ,    0.000ms ,    1.249ms ,    0.000ms ,    0.000ms ,    0.000ms ,    3.449ms ,    0.000ms ,    0.000ms ,    0.000ms ,   22.078ms ,    0.000ms ,    0.000ms ,    0.000ms
sublime         , ssbo_inlined_instr_20_20  ,   59.678ms ,   46.875ms ,    0.000ms ,   58.655ms ,   46.875ms ,    0.000ms ,   58.888ms ,    4.261ms ,    0.000ms ,    0.000ms ,    0.000ms ,    6.617ms ,    0.000ms ,    0.000ms ,    0.000ms ,    0.976ms ,    0.000ms ,    0.000ms ,    0.000ms ,   17.239ms ,    0.000ms ,    0.000ms ,    0.000ms ,   29.562ms ,   46.875ms ,    0.000ms ,    0.000ms
sublime         , ssbo_inlined_instr_4_6    ,   29.293ms ,   31.250ms ,    0.000ms ,   28.313ms ,   31.250ms ,    0.000ms ,   29.005ms ,    3.373ms ,    0.000ms ,    0.000ms ,    0.000ms ,    4.503ms ,    0.000ms ,    0.000ms ,    0.000ms ,    0.855ms ,    0.000ms ,    0.000ms ,    0.000ms ,    2.295ms ,   15.625ms ,    0.000ms ,    0.000ms ,   17.287ms ,   15.625ms ,    0.000ms ,    0.000ms
sublime         , ssbo_inlined_instr_4_8    ,   32.490ms ,   31.250ms ,    0.000ms ,   31.506ms ,   31.250ms ,    0.000ms ,   32.168ms ,    2.994ms ,   15.625ms ,    0.000ms ,    0.000ms ,    2.224ms ,    0.000ms ,    0.000ms ,    0.000ms ,    0.914ms ,    0.000ms ,    0.000ms ,    0.000ms ,    5.111ms ,    0.000ms ,    0.000ms ,    0.000ms ,   20.263ms ,   15.625ms ,    0.000ms ,    0.000ms
sublime         , ssbo_inlined_instr_4_10   ,   34.019ms ,   15.625ms ,    0.000ms ,   32.963ms ,   15.625ms ,    0.000ms ,   33.695ms ,    3.114ms ,    0.000ms ,    0.000ms ,    0.000ms ,    2.344ms ,    0.000ms ,    0.000ms ,    0.000ms ,    1.053ms ,    0.000ms ,    0.000ms ,    0.000ms ,    4.651ms ,    0.000ms ,    0.000ms ,    0.000ms ,   21.801ms ,   15.625ms ,    0.000ms ,    0.000ms
sublime         , ssbo_inlined_instr_4_20   ,   55.836ms ,   46.875ms ,    0.000ms ,   54.826ms ,   46.875ms ,    0.000ms ,   55.301ms ,    2.948ms ,    0.000ms ,    0.000ms ,    0.000ms ,    2.076ms ,    0.000ms ,    0.000ms ,    0.000ms ,    0.936ms ,    0.000ms ,    0.000ms ,    0.000ms ,   21.620ms ,   31.250ms ,    0.000ms ,    0.000ms ,   27.246ms ,   15.625ms ,    0.000ms ,    0.000ms
sublime         , ssbo_inlined_instr_6_4    ,   29.119ms ,   15.625ms ,    0.000ms ,   28.022ms ,   15.625ms ,    0.000ms ,   28.809ms ,    3.744ms ,    0.000ms ,    0.000ms ,    0.000ms ,    2.471ms ,    0.000ms ,    0.000ms ,    0.000ms ,    0.923ms ,    0.000ms ,    0.000ms ,    0.000ms ,    2.109ms ,    0.000ms ,    0.000ms ,    0.000ms ,   18.775ms ,   15.625ms ,    0.000ms ,    0.000ms
sublime         , ssbo_inlined_instr_8_4    ,   30.341ms ,   31.250ms ,    0.000ms ,   29.161ms ,   31.250ms ,    0.000ms ,   30.073ms ,    4.576ms ,    0.000ms ,    0.000ms ,    0.000ms ,    2.940ms ,    0.000ms ,    0.000ms ,    0.000ms ,    0.964ms ,    0.000ms ,    0.000ms ,    0.000ms ,    2.699ms ,    0.000ms ,    0.000ms ,    0.000ms ,   17.982ms ,   31.250ms ,    0.000ms ,    0.000ms
sublime         , ssbo_inlined_instr_10_4   ,   30.815ms ,   15.625ms ,    0.000ms ,   29.657ms ,   15.625ms ,    0.000ms ,   30.552ms ,    4.167ms ,    0.000ms ,    0.000ms ,    0.000ms ,    3.449ms ,    0.000ms ,    0.000ms ,    0.000ms ,    0.974ms ,    0.000ms ,    0.000ms ,    0.000ms ,    2.688ms ,    0.000ms ,    0.000ms ,    0.000ms ,   18.379ms ,   15.625ms ,    0.000ms ,    0.000ms
sublime         , ssbo_inlined_instr_20_4   ,   34.147ms ,   46.875ms ,    0.000ms ,   32.889ms ,   46.875ms ,    0.000ms ,   33.808ms ,    5.390ms ,   15.625ms ,    0.000ms ,    0.000ms ,    6.530ms ,   15.625ms ,    0.000ms ,    0.000ms ,    1.556ms ,    0.000ms ,    0.000ms ,    0.000ms ,    2.516ms ,   15.625ms ,    0.000ms ,    0.000ms ,   16.897ms ,    0.000ms ,    0.000ms ,    0.000ms
sublime         , ssbo_instr_combo_4        ,   28.685ms ,   31.250ms ,    0.000ms ,   27.349ms ,   31.250ms ,    0.000ms ,   28.360ms ,    3.647ms ,    0.000ms ,    0.000ms ,    0.000ms ,    1.593ms ,    0.000ms ,    0.000ms ,    0.000ms ,    0.894ms ,    0.000ms ,    0.000ms ,    0.000ms ,    2.452ms ,   15.625ms ,    0.000ms ,    0.000ms ,   18.763ms ,   15.625ms ,    0.000ms ,    0.000ms
sublime         , ssbo_instr_combo_6        ,   30.018ms ,   31.250ms ,    0.000ms ,   28.852ms ,   31.250ms ,    0.000ms ,   29.730ms ,    2.375ms ,   15.625ms ,    0.000ms ,    0.000ms ,    2.430ms ,    0.000ms ,    0.000ms ,    0.000ms ,    0.926ms ,    0.000ms ,    0.000ms ,    0.000ms ,    2.699ms ,    0.000ms ,    0.000ms ,    0.000ms ,   20.422ms ,   15.625ms ,    0.000ms ,    0.000ms
sublime         , ssbo_instr_combo_8        ,   31.306ms ,   15.625ms ,    0.000ms ,   30.347ms ,   15.625ms ,    0.000ms ,   31.009ms ,    2.209ms ,    0.000ms ,    0.000ms ,    0.000ms ,    1.770ms ,    0.000ms ,    0.000ms ,    0.000ms ,    1.086ms ,    0.000ms ,    0.000ms ,    0.000ms ,    4.868ms ,   15.625ms ,    0.000ms ,    0.000ms ,   20.414ms ,    0.000ms ,    0.000ms ,    0.000ms
sublime         , ssbo_instr_combo_10       ,   32.698ms ,   31.250ms ,    0.000ms ,   31.611ms ,   31.250ms ,    0.000ms ,   32.383ms ,    2.135ms ,    0.000ms ,    0.000ms ,    0.000ms ,    1.906ms ,    0.000ms ,    0.000ms ,    0.000ms ,    0.999ms ,    0.000ms ,    0.000ms ,    0.000ms ,    4.761ms ,    0.000ms ,    0.000ms ,    0.000ms ,   21.810ms ,   31.250ms ,    0.000ms ,    0.000ms
sublime         , ssbo_instr_combo_20       ,   55.928ms ,   46.875ms ,    0.000ms ,   54.916ms ,   46.875ms ,    0.000ms ,   55.403ms ,    2.130ms ,    0.000ms ,    0.000ms ,    0.000ms ,    1.587ms ,    0.000ms ,    0.000ms ,    0.000ms ,    0.886ms ,    0.000ms ,    0.000ms ,    0.000ms ,   22.038ms ,   15.625ms ,    0.000ms ,    0.000ms ,   28.275ms ,   31.250ms ,    0.000ms ,    0.000ms
sublime         , one_ssbo_ext_no_sdf       ,   28.903ms ,   15.625ms ,    0.000ms ,   26.454ms ,   15.625ms ,    0.000ms ,   28.587ms ,    1.962ms ,    0.000ms ,    0.000ms ,    0.000ms ,    1.843ms ,   15.625ms ,    0.000ms ,    0.000ms ,    1.022ms ,    0.000ms ,    0.000ms ,    0.000ms ,    2.244ms ,    0.000ms ,    0.000ms ,    0.000ms ,   19.383ms ,    0.000ms ,    0.000ms ,    0.000ms
sublime         , one_ssbo_ext_sdf_list     ,   29.087ms ,   15.625ms ,    0.000ms ,   27.756ms ,   15.625ms ,    0.000ms ,   28.825ms ,    2.859ms ,    0.000ms ,    0.000ms ,    0.000ms ,    3.250ms ,    0.000ms ,    0.000ms ,    0.000ms ,    0.929ms ,    0.000ms ,    0.000ms ,    0.000ms ,    2.259ms ,    0.000ms ,    0.000ms ,    0.000ms ,   18.459ms ,   15.625ms ,    0.000ms ,    0.000ms
sublime         , one_ssbo_ext_one_sdf      ,   28.900ms ,   15.625ms ,    0.000ms ,   27.650ms ,   15.625ms ,    0.000ms ,   28.613ms ,    3.743ms ,    0.000ms ,    0.000ms ,    0.000ms ,    2.594ms ,    0.000ms ,    0.000ms ,    0.000ms ,    0.922ms ,    0.000ms ,    0.000ms ,    0.000ms ,    2.352ms ,    0.000ms ,    0.000ms ,    0.000ms ,   18.039ms ,   15.625ms ,    0.000ms ,    0.000ms
sublime         , one_ssbo_ext_one_sdf_pack ,   29.155ms ,   31.250ms ,    0.000ms ,   27.913ms ,   31.250ms ,    0.000ms ,   28.779ms ,    3.979ms ,    0.000ms ,    0.000ms ,    0.000ms ,    2.510ms ,    0.000ms ,    0.000ms ,    0.000ms ,    0.836ms ,    0.000ms ,    0.000ms ,    0.000ms ,    2.627ms ,    0.000ms ,    0.000ms ,    0.000ms ,   17.961ms ,   31.250ms ,    0.000ms ,    0.000ms
sublime         , inst_div                  ,   28.497ms ,   31.250ms ,    0.000ms ,   27.529ms ,   15.625ms ,    0.000ms ,   28.228ms ,    2.346ms ,    0.000ms ,    0.000ms ,    0.000ms ,    2.510ms ,    0.000ms ,    0.000ms ,    0.000ms ,    0.942ms ,    0.000ms ,    0.000ms ,    0.000ms ,    2.666ms ,    0.000ms ,    0.000ms ,    0.000ms ,   19.065ms ,   15.625ms ,    0.000ms ,    0.000ms
mediaplayer     , 1rect_1draw               ,   28.440ms ,   31.250ms ,    0.000ms ,   26.441ms ,   31.250ms ,    0.000ms ,   28.169ms ,    0.141ms ,    0.000ms ,    0.000ms ,    0.000ms ,    0.253ms ,    0.000ms ,    0.000ms ,    0.000ms ,    0.951ms ,    0.000ms ,    0.000ms ,    0.000ms ,    5.720ms ,    0.000ms ,    0.000ms ,    0.000ms ,   19.376ms ,   31.250ms ,    0.000ms ,    0.000ms
mediaplayer     , simple_vbo                ,   27.565ms ,   31.250ms ,    0.000ms ,   26.610ms ,   15.625ms ,    0.000ms ,   27.294ms ,    0.126ms ,    0.000ms ,    0.000ms ,    0.000ms ,    0.325ms ,    0.000ms ,    0.000ms ,    0.000ms ,    0.869ms ,    0.000ms ,    0.000ms ,    0.000ms ,    1.638ms ,    0.000ms ,    0.000ms ,    0.000ms ,   23.652ms ,   15.625ms ,    0.000ms ,    0.000ms
mediaplayer     , simple_vbo_stor           ,   27.549ms ,   31.250ms ,    0.000ms ,   26.495ms ,   31.250ms ,    0.000ms ,   27.295ms ,    0.125ms ,    0.000ms ,    0.000ms ,    0.000ms ,    0.625ms ,    0.000ms ,    0.000ms ,    0.000ms ,    0.900ms ,    0.000ms ,    0.000ms ,    0.000ms ,    1.763ms ,    0.000ms ,    0.000ms ,    0.000ms ,   23.082ms ,   31.250ms ,    0.000ms ,    0.000ms
mediaplayer     , complete_vbo              ,   28.053ms ,   31.250ms ,    0.000ms ,   27.110ms ,   31.250ms ,    0.000ms ,   27.795ms ,    0.190ms ,    0.000ms ,    0.000ms ,    0.000ms ,    0.694ms ,    0.000ms ,    0.000ms ,    0.000ms ,    0.847ms ,    0.000ms ,    0.000ms ,    0.000ms ,    1.911ms ,    0.000ms ,    0.000ms ,    0.000ms ,   23.468ms ,   31.250ms ,    0.000ms ,    0.000ms
mediaplayer     , one_ssbo                  ,   29.792ms ,   31.250ms ,    0.000ms ,   28.559ms ,   15.625ms ,    0.000ms ,   29.450ms ,    0.195ms ,    0.000ms ,    0.000ms ,    0.000ms ,    3.501ms ,    0.000ms ,    0.000ms ,    0.000ms ,    1.038ms ,    0.000ms ,    0.000ms ,    0.000ms ,    2.144ms ,    0.000ms ,    0.000ms ,    0.000ms ,   21.681ms ,   15.625ms ,    0.000ms ,    0.000ms
mediaplayer     , ssbo_instr_list           ,   58.920ms ,   31.250ms ,    0.000ms ,   57.919ms ,   31.250ms ,    0.000ms ,   58.311ms ,    0.144ms ,    0.000ms ,    0.000ms ,    0.000ms ,   43.880ms ,    0.000ms ,    0.000ms ,    0.000ms ,    1.010ms ,    0.000ms ,    0.000ms ,    0.000ms ,    2.294ms ,    0.000ms ,    0.000ms ,    0.000ms ,   10.591ms ,   31.250ms ,    0.000ms ,    0.000ms
mediaplayer     , ssbo_inlined_instr_6      ,   42.476ms ,   15.625ms ,    0.000ms ,   41.392ms ,   15.625ms ,    0.000ms ,   42.067ms ,    0.157ms ,    0.000ms ,    0.000ms ,    0.000ms ,   24.471ms ,    0.000ms ,    0.000ms ,    0.000ms ,    1.021ms ,    0.000ms ,    0.000ms ,    0.000ms ,    2.790ms ,    0.000ms ,    0.000ms ,    0.000ms ,   12.953ms ,   15.625ms ,    0.000ms ,    0.000ms
mediaplayer     , ssbo_inlined_instr_4_4    ,   40.481ms ,   15.625ms ,    0.000ms ,   39.304ms ,   15.625ms ,    0.000ms ,   40.061ms ,    0.149ms ,    0.000ms ,    0.000ms ,    0.000ms ,   21.482ms ,    0.000ms ,    0.000ms ,    0.000ms ,    1.191ms ,    0.000ms ,    0.000ms ,    0.000ms ,    2.553ms ,    0.000ms ,    0.000ms ,    0.000ms ,   13.929ms ,   15.625ms ,    0.000ms ,    0.000ms
mediaplayer     , ssbo_inlined_instr_6_6    ,   42.687ms ,   31.250ms ,    0.000ms ,   41.705ms ,   31.250ms ,    0.000ms ,   42.351ms ,    0.147ms ,    0.000ms ,    0.000ms ,    0.000ms ,   25.302ms ,    0.000ms ,    0.000ms ,    0.000ms ,    1.023ms ,    0.000ms ,    0.000ms ,    0.000ms ,    2.795ms ,    0.000ms ,    0.000ms ,    0.000ms ,   12.438ms ,   31.250ms ,    0.000ms ,    0.000ms
mediaplayer     , ssbo_inlined_instr_8_8    ,   43.709ms ,   31.250ms ,    0.000ms ,   42.690ms ,   31.250ms ,    0.000ms ,   43.298ms ,    0.146ms ,    0.000ms ,    0.000ms ,    0.000ms ,   25.298ms ,    0.000ms ,    0.000ms ,    0.000ms ,    0.995ms ,    0.000ms ,    0.000ms ,    0.000ms ,    3.125ms ,   15.625ms ,    0.000ms ,    0.000ms ,   13.126ms ,   15.625ms ,    0.000ms ,    0.000ms
mediaplayer     , ssbo_inlined_instr_10_10  ,   43.924ms ,    0.000ms ,    0.000ms ,   42.941ms ,    0.000ms ,    0.000ms ,   43.510ms ,    0.150ms ,    0.000ms ,    0.000ms ,    0.000ms ,   25.297ms ,    0.000ms ,    0.000ms ,    0.000ms ,    0.949ms ,    0.000ms ,    0.000ms ,    0.000ms ,    3.369ms ,    0.000ms ,    0.000ms ,    0.000ms ,   13.176ms ,    0.000ms ,    0.000ms ,    0.000ms
mediaplayer     , ssbo_inlined_instr_20_20  ,   61.087ms ,    0.000ms ,    0.000ms ,   60.061ms ,    0.000ms ,    0.000ms ,   60.543ms ,    0.166ms ,    0.000ms ,    0.000ms ,    0.000ms ,   32.549ms ,    0.000ms ,    0.000ms ,    0.000ms ,    0.950ms ,    0.000ms ,    0.000ms ,    0.000ms ,    9.998ms ,    0.000ms ,    0.000ms ,    0.000ms ,   16.398ms ,    0.000ms ,    0.000ms ,    0.000ms
mediaplayer     , ssbo_inlined_instr_4_6    ,   43.648ms ,    0.000ms ,    0.000ms ,   42.654ms ,    0.000ms ,    0.000ms ,   43.235ms ,    0.174ms ,    0.000ms ,    0.000ms ,    0.000ms ,   27.270ms ,    0.000ms ,    0.000ms ,    0.000ms ,    0.952ms ,    0.000ms ,    0.000ms ,    0.000ms ,    2.608ms ,    0.000ms ,    0.000ms ,    0.000ms ,   11.650ms ,    0.000ms ,    0.000ms ,    0.000ms
mediaplayer     , ssbo_inlined_instr_4_8    ,   43.636ms ,    0.000ms ,    0.000ms ,   42.581ms ,    0.000ms ,    0.000ms ,   43.186ms ,    0.138ms ,    0.000ms ,    0.000ms ,    0.000ms ,   26.936ms ,    0.000ms ,    0.000ms ,    0.000ms ,    0.979ms ,    0.000ms ,    0.000ms ,    0.000ms ,    2.668ms ,    0.000ms ,    0.000ms ,    0.000ms ,   11.860ms ,    0.000ms ,    0.000ms ,    0.000ms
mediaplayer     , ssbo_inlined_instr_4_10   ,   48.163ms ,   15.625ms ,    0.000ms ,   47.178ms ,   15.625ms ,    0.000ms ,   47.557ms ,    0.142ms ,    0.000ms ,    0.000ms ,    0.000ms ,   31.003ms ,    0.000ms ,    0.000ms ,    0.000ms ,    1.028ms ,    0.000ms ,    0.000ms ,    0.000ms ,    2.963ms ,   15.625ms ,    0.000ms ,    0.000ms ,   12.042ms ,    0.000ms ,    0.000ms ,    0.000ms
mediaplayer     , ssbo_inlined_instr_4_20   ,   74.738ms ,   31.250ms ,    0.000ms ,   73.736ms ,   31.250ms ,    0.000ms ,   74.018ms ,    0.148ms ,    0.000ms ,    0.000ms ,    0.000ms ,   55.398ms ,    0.000ms ,    0.000ms ,    0.000ms ,    0.980ms ,    0.000ms ,    0.000ms ,    0.000ms ,    4.789ms ,   15.625ms ,    0.000ms ,    0.000ms ,   12.421ms ,   15.625ms ,    0.000ms ,    0.000ms
mediaplayer     , ssbo_inlined_instr_6_4    ,   45.211ms ,   31.250ms ,    0.000ms ,   44.162ms ,   31.250ms ,    0.000ms ,   44.852ms ,    0.143ms ,    0.000ms ,    0.000ms ,    0.000ms ,   27.276ms ,    0.000ms ,    0.000ms ,    0.000ms ,    0.969ms ,    0.000ms ,    0.000ms ,    0.000ms ,    2.775ms ,    0.000ms ,    0.000ms ,    0.000ms ,   12.999ms ,   31.250ms ,    0.000ms ,    0.000ms
mediaplayer     , ssbo_inlined_instr_8_4    ,   44.661ms ,   15.625ms ,    0.000ms ,   43.562ms ,   15.625ms ,    0.000ms ,   44.259ms ,    0.140ms ,    0.000ms ,    0.000ms ,    0.000ms ,   25.737ms ,    0.000ms ,    0.000ms ,    0.000ms ,    0.977ms ,    0.000ms ,    0.000ms ,    0.000ms ,    2.907ms ,    0.000ms ,    0.000ms ,    0.000ms ,   13.801ms ,   15.625ms ,    0.000ms ,    0.000ms
mediaplayer     , ssbo_inlined_instr_10_4   ,   43.792ms ,   15.625ms ,    0.000ms ,   42.726ms ,   15.625ms ,    0.000ms ,   43.395ms ,    0.149ms ,    0.000ms ,    0.000ms ,    0.000ms ,   24.317ms ,    0.000ms ,    0.000ms ,    0.000ms ,    0.944ms ,    0.000ms ,    0.000ms ,    0.000ms ,    3.338ms ,    0.000ms ,    0.000ms ,    0.000ms ,   13.978ms ,   15.625ms ,    0.000ms ,    0.000ms
mediaplayer     , ssbo_inlined_instr_20_4   ,   40.779ms ,   31.250ms ,    0.000ms ,   39.742ms ,   31.250ms ,    0.000ms ,   40.436ms ,    0.159ms ,    0.000ms ,    0.000ms ,    0.000ms ,   17.865ms ,    0.000ms ,    0.000ms ,    0.000ms ,    1.061ms ,    0.000ms ,    0.000ms ,    0.000ms ,    3.882ms ,   15.625ms ,    0.000ms ,    0.000ms ,   16.775ms ,   15.625ms ,    0.000ms ,    0.000ms
mediaplayer     , ssbo_instr_combo_4        ,   46.929ms ,   15.625ms ,    0.000ms ,   45.881ms ,   15.625ms ,    0.000ms ,   46.481ms ,    0.150ms ,    0.000ms ,    0.000ms ,    0.000ms ,   31.594ms ,    0.000ms ,    0.000ms ,    0.000ms ,    0.970ms ,    0.000ms ,    0.000ms ,    0.000ms ,    2.250ms ,    0.000ms ,    0.000ms ,    0.000ms ,   10.917ms ,   15.625ms ,    0.000ms ,    0.000ms
mediaplayer     , ssbo_instr_combo_6        ,   49.685ms ,    0.000ms ,    0.000ms ,   48.701ms ,    0.000ms ,    0.000ms ,   49.144ms ,    0.149ms ,    0.000ms ,    0.000ms ,    0.000ms ,   34.516ms ,    0.000ms ,    0.000ms ,    0.000ms ,    0.971ms ,    0.000ms ,    0.000ms ,    0.000ms ,    2.248ms ,    0.000ms ,    0.000ms ,    0.000ms ,   10.817ms ,    0.000ms ,    0.000ms ,    0.000ms
mediaplayer     , ssbo_instr_combo_8        ,   50.929ms ,   15.625ms ,    0.000ms ,   49.928ms ,   15.625ms ,    0.000ms ,   50.435ms ,    0.144ms ,    0.000ms ,    0.000ms ,    0.000ms ,   35.430ms ,    0.000ms ,    0.000ms ,    0.000ms ,    1.006ms ,    0.000ms ,    0.000ms ,    0.000ms ,    2.268ms ,    0.000ms ,    0.000ms ,    0.000ms ,   11.080ms ,   15.625ms ,    0.000ms ,    0.000ms
mediaplayer     , ssbo_instr_combo_10       ,   56.526ms ,   15.625ms ,    0.000ms ,   55.531ms ,    0.000ms ,    0.000ms ,   55.607ms ,    0.145ms ,    0.000ms ,    0.000ms ,    0.000ms ,   40.837ms ,    0.000ms ,    0.000ms ,    0.000ms ,    1.002ms ,    0.000ms ,    0.000ms ,    0.000ms ,    2.254ms ,    0.000ms ,    0.000ms ,    0.000ms ,   11.293ms ,    0.000ms ,    0.000ms ,    0.000ms
mediaplayer     , ssbo_instr_combo_20       ,   81.115ms ,   31.250ms ,    0.000ms ,   80.102ms ,   31.250ms ,    0.000ms ,   80.321ms ,    0.150ms ,    0.000ms ,    0.000ms ,    0.000ms ,   65.799ms ,    0.000ms ,    0.000ms ,    0.000ms ,    1.011ms ,    0.000ms ,    0.000ms ,    0.000ms ,    2.296ms ,    0.000ms ,    0.000ms ,    0.000ms ,   10.846ms ,   31.250ms ,    0.000ms ,    0.000ms
mediaplayer     , one_ssbo_ext_no_sdf       ,   46.282ms ,   31.250ms ,    0.000ms ,   45.152ms ,   15.625ms ,    0.000ms ,   45.822ms ,    0.136ms ,    0.000ms ,    0.000ms ,    0.000ms ,   29.641ms ,    0.000ms ,    0.000ms ,    0.000ms ,    1.041ms ,    0.000ms ,    0.000ms ,    0.000ms ,    2.374ms ,    0.000ms ,    0.000ms ,    0.000ms ,   11.960ms ,   15.625ms ,    0.000ms ,    0.000ms
mediaplayer     , one_ssbo_ext_sdf_list     ,   49.561ms ,   15.625ms ,    0.000ms ,   48.536ms ,   15.625ms ,    0.000ms ,   49.168ms ,    0.151ms ,    0.000ms ,    0.000ms ,    0.000ms ,   31.396ms ,    0.000ms ,    0.000ms ,    0.000ms ,    1.047ms ,    0.000ms ,    0.000ms ,    0.000ms ,    3.097ms ,    0.000ms ,    0.000ms ,    0.000ms ,   12.845ms ,   15.625ms ,    0.000ms ,    0.000ms
mediaplayer     , one_ssbo_ext_one_sdf      ,   46.272ms ,   15.625ms ,    0.000ms ,   45.183ms ,   15.625ms ,    0.000ms ,   45.902ms ,    0.141ms ,    0.000ms ,    0.000ms ,    0.000ms ,   28.852ms ,    0.000ms ,    0.000ms ,    0.000ms ,    0.980ms ,    0.000ms ,    0.000ms ,    0.000ms ,    2.812ms ,    0.000ms ,    0.000ms ,    0.000ms ,   12.398ms ,   15.625ms ,    0.000ms ,    0.000ms
mediaplayer     , one_ssbo_ext_one_sdf_pack ,   45.717ms ,   15.625ms ,    0.000ms ,   44.709ms ,   15.625ms ,    0.000ms ,   45.345ms ,    0.137ms ,    0.000ms ,    0.000ms ,    0.000ms ,   27.056ms ,    0.000ms ,    0.000ms ,    0.000ms ,    1.005ms ,    0.000ms ,    0.000ms ,    0.000ms ,    2.791ms ,   15.625ms ,    0.000ms ,    0.000ms ,   13.720ms ,    0.000ms ,    0.000ms ,    0.000ms
mediaplayer     , inst_div                  ,   31.283ms ,   31.250ms ,    0.000ms ,   30.304ms ,   31.250ms ,    0.000ms ,   31.002ms ,    0.140ms ,    0.000ms ,    0.000ms ,    0.000ms ,    0.330ms ,    0.000ms ,    0.000ms ,    0.000ms ,    0.889ms ,    0.000ms ,    0.000ms ,    0.000ms ,    2.589ms ,   15.625ms ,    0.000ms ,    0.000ms ,   26.356ms ,   15.625ms ,    0.000ms ,    0.000ms
demo            , one_ssbo_ext_one_sdf_demo ,   40.033ms ,   15.625ms ,    0.000ms ,   39.046ms ,   15.625ms ,    0.000ms ,   39.741ms ,    0.124ms ,    0.000ms ,    0.000ms ,    0.000ms ,   20.495ms ,    0.000ms ,    0.000ms ,    0.000ms ,    0.971ms ,    0.000ms ,    0.000ms ,    0.000ms ,    2.212ms ,    0.000ms ,    0.000ms ,    0.000ms ,   15.244ms ,   15.625ms ,    0.000ms ,    0.000ms
sublime         , 1rect_1draw               ,  433.370ms ,  421.875ms ,    0.000ms ,  431.806ms ,  421.875ms ,    0.000ms ,  428.907ms ,    0.153ms ,    0.000ms ,    0.000ms ,    0.000ms ,    0.287ms ,    0.000ms ,    0.000ms ,    0.000ms ,    1.029ms ,    0.000ms ,    0.000ms ,    0.000ms ,  399.612ms ,  359.375ms ,    0.000ms ,    0.000ms ,   30.725ms ,   62.500ms ,    0.000ms ,    0.000ms
sublime         , simple_vbo                ,   48.815ms ,   46.875ms ,    0.000ms ,   47.788ms ,   46.875ms ,    0.000ms ,   48.390ms ,    1.653ms ,    0.000ms ,    0.000ms ,    0.000ms ,    4.317ms ,    0.000ms ,    0.000ms ,    0.000ms ,    1.480ms ,    0.000ms ,    0.000ms ,    0.000ms ,    2.066ms ,    0.000ms ,    0.000ms ,    0.000ms ,   38.272ms ,   46.875ms ,    0.000ms ,    0.000ms
sublime         , simple_vbo_stor           ,   56.272ms ,   62.500ms ,    0.000ms ,   55.180ms ,   62.500ms ,    0.000ms ,   55.750ms ,    1.593ms ,    0.000ms ,    0.000ms ,    0.000ms ,    5.979ms ,   15.625ms ,    0.000ms ,    0.000ms ,    0.998ms ,    0.000ms ,    0.000ms ,    0.000ms ,    4.626ms ,    0.000ms ,    0.000ms ,    0.000ms ,   41.984ms ,   46.875ms ,    0.000ms ,    0.000ms
sublime         , complete_vbo              ,   57.060ms ,   62.500ms ,    0.000ms ,   55.982ms ,   62.500ms ,    0.000ms ,   56.605ms ,   11.120ms ,    0.000ms ,    0.000ms ,    0.000ms ,   10.710ms ,   15.625ms ,    0.000ms ,    0.000ms ,    1.047ms ,   15.625ms ,    0.000ms ,    0.000ms ,    2.233ms ,    0.000ms ,    0.000ms ,    0.000ms ,   30.872ms ,   31.250ms ,    0.000ms ,    0.000ms
sublime         , one_ssbo                  ,   51.216ms ,   31.250ms ,    0.000ms ,   50.221ms ,   31.250ms ,    0.000ms ,   50.737ms ,    1.764ms ,   15.625ms ,    0.000ms ,    0.000ms ,    2.801ms ,    0.000ms ,    0.000ms ,    0.000ms ,    0.954ms ,    0.000ms ,    0.000ms ,    0.000ms ,    4.991ms ,    0.000ms ,    0.000ms ,    0.000ms ,   39.711ms ,   15.625ms ,    0.000ms ,    0.000ms
sublime         , ssbo_instr_list           ,   74.717ms ,   78.125ms ,    0.000ms ,   73.661ms ,   62.500ms ,    0.000ms ,   74.271ms ,    1.967ms ,    0.000ms ,    0.000ms ,    0.000ms ,    1.748ms ,    0.000ms ,    0.000ms ,    0.000ms ,    0.936ms ,    0.000ms ,    0.000ms ,    0.000ms ,   36.000ms ,   31.250ms ,    0.000ms ,    0.000ms ,   33.010ms ,   31.250ms ,    0.000ms ,    0.000ms
sublime         , ssbo_inlined_instr_6      ,   31.858ms ,   31.250ms ,    0.000ms ,   30.831ms ,   31.250ms ,    0.000ms ,   31.563ms ,    5.431ms ,   15.625ms ,    0.000ms ,    0.000ms ,    2.514ms ,    0.000ms ,    0.000ms ,    0.000ms ,    0.981ms ,    0.000ms ,    0.000ms ,    0.000ms ,    2.305ms ,    0.000ms ,    0.000ms ,    0.000ms ,   19.600ms ,   15.625ms ,    0.000ms ,    0.000ms
sublime         , ssbo_inlined_instr_4_4    ,   30.592ms ,   31.250ms ,    0.000ms ,   29.428ms ,   31.250ms ,    0.000ms ,   30.280ms ,    3.172ms ,    0.000ms ,    0.000ms ,    0.000ms ,    2.328ms ,    0.000ms ,    0.000ms ,    0.000ms ,    0.917ms ,    0.000ms ,    0.000ms ,    0.000ms ,    2.279ms ,    0.000ms ,    0.000ms ,    0.000ms ,   20.732ms ,   31.250ms ,    0.000ms ,    0.000ms
sublime         , ssbo_inlined_instr_6_6    ,   31.406ms ,   31.250ms ,    0.000ms ,   30.338ms ,   31.250ms ,    0.000ms ,   31.112ms ,    3.260ms ,    0.000ms ,    0.000ms ,    0.000ms ,    2.653ms ,    0.000ms ,    0.000ms ,    0.000ms ,    1.008ms ,    0.000ms ,    0.000ms ,    0.000ms ,    2.091ms ,    0.000ms ,    0.000ms ,    0.000ms ,   21.326ms ,   31.250ms ,    0.000ms ,    0.000ms
sublime         , ssbo_inlined_instr_8_8    ,   34.752ms ,   46.875ms ,    0.000ms ,   33.669ms ,   46.875ms ,    0.000ms ,   34.439ms ,    3.334ms ,    0.000ms ,    0.000ms ,    0.000ms ,    4.596ms ,   15.625ms ,    0.000ms ,    0.000ms ,    1.062ms ,    0.000ms ,    0.000ms ,    0.000ms ,    2.707ms ,    0.000ms ,    0.000ms ,    0.000ms ,   21.970ms ,   31.250ms ,    0.000ms ,    0.000ms
sublime         , ssbo_inlined_instr_10_10  ,   36.303ms ,   31.250ms ,    0.000ms ,   35.272ms ,   31.250ms ,    0.000ms ,   35.987ms ,    3.659ms ,    0.000ms ,    0.000ms ,    0.000ms ,    4.827ms ,    0.000ms ,    0.000ms ,    0.000ms ,    1.258ms ,    0.000ms ,    0.000ms ,    0.000ms ,    3.856ms ,    0.000ms ,    0.000ms ,    0.000ms ,   21.672ms ,   31.250ms ,    0.000ms ,    0.000ms
sublime         , ssbo_inlined_instr_20_20  ,   60.529ms ,   31.250ms ,    0.000ms ,   59.510ms ,   31.250ms ,    0.000ms ,   59.993ms ,    4.363ms ,    0.000ms ,    0.000ms ,    0.000ms ,    7.577ms ,   15.625ms ,    0.000ms ,    0.000ms ,    0.918ms ,    0.000ms ,    0.000ms ,    0.000ms ,   16.481ms ,    0.000ms ,    0.000ms ,    0.000ms ,   30.171ms ,   15.625ms ,    0.000ms ,    0.000ms
sublime         , ssbo_inlined_instr_4_6    ,   29.078ms ,   31.250ms ,    0.000ms ,   28.133ms ,   31.250ms ,    0.000ms ,   28.802ms ,    2.838ms ,    0.000ms ,    0.000ms ,    0.000ms ,    2.035ms ,    0.000ms ,    0.000ms ,    0.000ms ,    0.871ms ,    0.000ms ,    0.000ms ,    0.000ms ,    2.191ms ,    0.000ms ,    0.000ms ,    0.000ms ,   20.198ms ,   31.250ms ,    0.000ms ,    0.000ms
sublime         , ssbo_inlined_instr_4_8    ,   32.591ms ,   31.250ms ,    0.000ms ,   31.547ms ,   31.250ms ,    0.000ms ,   32.277ms ,    3.150ms ,    0.000ms ,    0.000ms ,    0.000ms ,    2.405ms ,    0.000ms ,    0.000ms ,    0.000ms ,    1.131ms ,    0.000ms ,    0.000ms ,    0.000ms ,    4.476ms ,    0.000ms ,    0.000ms ,    0.000ms ,   20.385ms ,   31.250ms ,    0.000ms ,    0.000ms
sublime         , ssbo_inlined_instr_4_10   ,   34.082ms ,   31.250ms ,    0.000ms ,   33.049ms ,   31.250ms ,    0.000ms ,   33.756ms ,    2.824ms ,   15.625ms ,    0.000ms ,    0.000ms ,    2.261ms ,    0.000ms ,    0.000ms ,    0.000ms ,    0.943ms ,    0.000ms ,    0.000ms ,    0.000ms ,    6.949ms ,   15.625ms ,    0.000ms ,    0.000ms ,   20.072ms ,    0.000ms ,    0.000ms ,    0.000ms
sublime         , ssbo_inlined_instr_4_20   ,   55.893ms ,   46.875ms ,    0.000ms ,   54.869ms ,   46.875ms ,    0.000ms ,   55.353ms ,    2.989ms ,    0.000ms ,    0.000ms ,    0.000ms ,    2.116ms ,    0.000ms ,    0.000ms ,    0.000ms ,    0.905ms ,    0.000ms ,    0.000ms ,    0.000ms ,   21.408ms ,   31.250ms ,    0.000ms ,    0.000ms ,   27.451ms ,   15.625ms ,    0.000ms ,    0.000ms
sublime         , ssbo_inlined_instr_6_4    ,   29.808ms ,   31.250ms ,    0.000ms ,   28.548ms ,   31.250ms ,    0.000ms ,   29.497ms ,    4.785ms ,    0.000ms ,    0.000ms ,    0.000ms ,    2.536ms ,    0.000ms ,    0.000ms ,    0.000ms ,    0.947ms ,    0.000ms ,    0.000ms ,    0.000ms ,    2.783ms ,    0.000ms ,    0.000ms ,    0.000ms ,   17.497ms ,   31.250ms ,    0.000ms ,    0.000ms
sublime         , ssbo_inlined_instr_8_4    ,   30.730ms ,   15.625ms ,    0.000ms ,   29.441ms ,    0.000ms ,    0.000ms ,   30.433ms ,    5.213ms ,    0.000ms ,    0.000ms ,    0.000ms ,    3.046ms ,    0.000ms ,    0.000ms ,    0.000ms ,    0.932ms ,    0.000ms ,    0.000ms ,    0.000ms ,    2.603ms ,    0.000ms ,    0.000ms ,    0.000ms ,   17.647ms ,    0.000ms ,    0.000ms ,    0.000ms
sublime         , ssbo_inlined_instr_10_4   ,   31.296ms ,   31.250ms ,    0.000ms ,   30.043ms ,   31.250ms ,    0.000ms ,   31.027ms ,    5.131ms ,    0.000ms ,    0.000ms ,    0.000ms ,    3.454ms ,    0.000ms ,    0.000ms ,    0.000ms ,    1.001ms ,    0.000ms ,    0.000ms ,    0.000ms ,    2.669ms ,   15.625ms ,    0.000ms ,    0.000ms ,   17.788ms ,   15.625ms ,    0.000ms ,    0.000ms
sublime         , ssbo_inlined_instr_20_4   ,   34.775ms ,   46.875ms ,    0.000ms ,   33.503ms ,   46.875ms ,    0.000ms ,   34.439ms ,    5.538ms ,   15.625ms ,    0.000ms ,    0.000ms ,    6.363ms ,    0.000ms ,    0.000ms ,    0.000ms ,    1.988ms ,    0.000ms ,    0.000ms ,    0.000ms ,    2.281ms ,    0.000ms ,    0.000ms ,    0.000ms ,   17.333ms ,   31.250ms ,    0.000ms ,    0.000ms
sublime         , ssbo_instr_combo_4        ,   28.912ms ,   31.250ms ,    0.000ms ,   27.740ms ,   31.250ms ,    0.000ms ,   28.628ms ,    2.875ms ,    0.000ms ,    0.000ms ,    0.000ms ,    1.699ms ,    0.000ms ,    0.000ms ,    0.000ms ,    0.929ms ,    0.000ms ,    0.000ms ,    0.000ms ,    2.275ms ,    0.000ms ,    0.000ms ,    0.000ms ,   19.962ms ,   31.250ms ,    0.000ms ,    0.000ms
sublime         , ssbo_instr_combo_6        ,   29.858ms ,   15.625ms ,    0.000ms ,   28.816ms ,   15.625ms ,    0.000ms ,   29.576ms ,    2.115ms ,    0.000ms ,    0.000ms ,    0.000ms ,    1.952ms ,    0.000ms ,    0.000ms ,    0.000ms ,    0.960ms ,    0.000ms ,    0.000ms ,    0.000ms ,    2.095ms ,   15.625ms ,    0.000ms ,    0.000ms ,   21.694ms ,    0.000ms ,    0.000ms ,    0.000ms
sublime         , ssbo_instr_combo_8        ,   31.523ms ,   31.250ms ,    0.000ms ,   30.538ms ,   31.250ms ,    0.000ms ,   31.223ms ,    2.202ms ,    0.000ms ,    0.000ms ,    0.000ms ,    1.685ms ,    0.000ms ,    0.000ms ,    0.000ms ,    1.206ms ,    0.000ms ,    0.000ms ,    0.000ms ,    4.399ms ,    0.000ms ,    0.000ms ,    0.000ms ,   21.046ms ,   31.250ms ,    0.000ms ,    0.000ms
sublime         , ssbo_instr_combo_10       ,   33.261ms ,   31.250ms ,    0.000ms ,   32.173ms ,   15.625ms ,    0.000ms ,   32.947ms ,    2.223ms ,    0.000ms ,    0.000ms ,    0.000ms ,    1.814ms ,    0.000ms ,    0.000ms ,    0.000ms ,    1.024ms ,    0.000ms ,    0.000ms ,    0.000ms ,    5.139ms ,    0.000ms ,    0.000ms ,    0.000ms ,   21.973ms ,   15.625ms ,    0.000ms ,    0.000ms
sublime         , ssbo_instr_combo_20       ,   56.166ms ,   46.875ms ,    0.000ms ,   55.150ms ,   46.875ms ,    0.000ms ,   55.642ms ,    2.167ms ,   15.625ms ,    0.000ms ,    0.000ms ,    1.591ms ,    0.000ms ,    0.000ms ,    0.000ms ,    0.906ms ,    0.000ms ,    0.000ms ,    0.000ms ,   22.094ms ,   15.625ms ,    0.000ms ,    0.000ms ,   28.392ms ,   15.625ms ,    0.000ms ,    0.000ms
sublime         , one_ssbo_ext_no_sdf       ,   28.695ms ,   15.625ms ,    0.000ms ,   26.081ms ,   15.625ms ,    0.000ms ,   28.400ms ,    1.967ms ,    0.000ms ,    0.000ms ,    0.000ms ,    1.788ms ,    0.000ms ,    0.000ms ,    0.000ms ,    0.996ms ,   15.625ms ,    0.000ms ,    0.000ms ,    2.412ms ,    0.000ms ,    0.000ms ,    0.000ms ,   18.918ms ,    0.000ms ,    0.000ms ,    0.000ms
sublime         , one_ssbo_ext_sdf_list     ,   28.792ms ,   15.625ms ,    0.000ms ,   27.698ms ,   15.625ms ,    0.000ms ,   28.522ms ,    2.734ms ,    0.000ms ,    0.000ms ,    0.000ms ,    3.881ms ,    0.000ms ,    0.000ms ,    0.000ms ,    0.933ms ,    0.000ms ,    0.000ms ,    0.000ms ,    2.293ms ,    0.000ms ,    0.000ms ,    0.000ms ,   17.857ms ,   15.625ms ,    0.000ms ,    0.000ms
sublime         , one_ssbo_ext_one_sdf      ,   29.397ms ,   15.625ms ,    0.000ms ,   28.158ms ,   15.625ms ,    0.000ms ,   28.896ms ,    3.455ms ,    0.000ms ,    0.000ms ,    0.000ms ,    2.545ms ,    0.000ms ,    0.000ms ,    0.000ms ,    1.012ms ,    0.000ms ,    0.000ms ,    0.000ms ,    2.320ms ,    0.000ms ,    0.000ms ,    0.000ms ,   18.826ms ,   15.625ms ,    0.000ms ,    0.000ms
sublime         , one_ssbo_ext_one_sdf_pack ,   29.362ms ,   15.625ms ,    0.000ms ,   28.262ms ,   15.625ms ,    0.000ms ,   29.080ms ,    2.893ms ,    0.000ms ,    0.000ms ,    0.000ms ,    2.585ms ,    0.000ms ,    0.000ms ,    0.000ms ,    0.955ms ,    0.000ms ,    0.000ms ,    0.000ms ,    2.142ms ,    0.000ms ,    0.000ms ,    0.000ms ,   19.687ms ,   15.625ms ,    0.000ms ,    0.000ms
sublime         , inst_div                  ,   29.238ms ,   15.625ms ,    0.000ms ,   28.194ms ,   15.625ms ,    0.000ms ,   28.917ms ,    2.452ms ,    0.000ms ,    0.000ms ,    0.000ms ,    2.576ms ,    0.000ms ,    0.000ms ,    0.000ms ,    1.019ms ,    0.000ms ,    0.000ms ,    0.000ms ,    2.162ms ,    0.000ms ,    0.000ms ,    0.000ms ,   19.985ms ,   15.625ms ,    0.000ms ,    0.000ms
mediaplayer     , 1rect_1draw               ,   28.863ms ,   15.625ms ,    0.000ms ,   26.620ms ,   15.625ms ,    0.000ms ,   28.587ms ,    0.134ms ,    0.000ms ,    0.000ms ,    0.000ms ,    0.262ms ,    0.000ms ,    0.000ms ,    0.000ms ,    0.927ms ,    0.000ms ,    0.000ms ,    0.000ms ,    6.365ms ,    0.000ms ,    0.000ms ,    0.000ms ,   18.932ms ,   15.625ms ,    0.000ms ,    0.000ms
mediaplayer     , simple_vbo                ,   27.112ms ,   31.250ms ,    0.000ms ,   26.149ms ,   31.250ms ,    0.000ms ,   26.856ms ,    0.123ms ,    0.000ms ,    0.000ms ,    0.000ms ,    0.348ms ,    0.000ms ,    0.000ms ,    0.000ms ,    0.823ms ,    0.000ms ,    0.000ms ,    0.000ms ,    1.782ms ,    0.000ms ,    0.000ms ,    0.000ms ,   23.073ms ,   31.250ms ,    0.000ms ,    0.000ms
mediaplayer     , simple_vbo_stor           ,   28.320ms ,   31.250ms ,    0.000ms ,   27.305ms ,   31.250ms ,    0.000ms ,   28.066ms ,    0.133ms ,   15.625ms ,    0.000ms ,    0.000ms ,    0.575ms ,    0.000ms ,    0.000ms ,    0.000ms ,    0.852ms ,   15.625ms ,    0.000ms ,    0.000ms ,    2.029ms ,    0.000ms ,    0.000ms ,    0.000ms ,   23.716ms ,    0.000ms ,    0.000ms ,    0.000ms
mediaplayer     , complete_vbo              ,   27.544ms ,   31.250ms ,    0.000ms ,   26.532ms ,   31.250ms ,    0.000ms ,   27.285ms ,    0.196ms ,    0.000ms ,    0.000ms ,    0.000ms ,    0.727ms ,    0.000ms ,    0.000ms ,    0.000ms ,    0.900ms ,    0.000ms ,    0.000ms ,    0.000ms ,    2.211ms ,    0.000ms ,    0.000ms ,    0.000ms ,   22.498ms ,   31.250ms ,    0.000ms ,    0.000ms
mediaplayer     , one_ssbo                  ,   28.141ms ,   31.250ms ,    0.000ms ,   26.845ms ,   31.250ms ,    0.000ms ,   27.833ms ,    0.258ms ,    0.000ms ,    0.000ms ,    0.000ms ,    2.397ms ,    0.000ms ,    0.000ms ,    0.000ms ,    1.585ms ,    0.000ms ,    0.000ms ,    0.000ms ,    2.135ms ,   15.625ms ,    0.000ms ,    0.000ms ,   20.470ms ,   15.625ms ,    0.000ms ,    0.000ms
mediaplayer     , ssbo_instr_list           ,   58.984ms ,   15.625ms ,    0.000ms ,   57.992ms ,   15.625ms ,    0.000ms ,   58.401ms ,    0.129ms ,    0.000ms ,    0.000ms ,    0.000ms ,   43.895ms ,    0.000ms ,    0.000ms ,    0.000ms ,    0.987ms ,    0.000ms ,    0.000ms ,    0.000ms ,    2.288ms ,    0.000ms ,    0.000ms ,    0.000ms ,   10.693ms ,   15.625ms ,    0.000ms ,    0.000ms
mediaplayer     , ssbo_inlined_instr_6      ,   42.185ms ,   31.250ms ,    0.000ms ,   41.131ms ,   31.250ms ,    0.000ms ,   41.849ms ,    0.146ms ,    0.000ms ,    0.000ms ,    0.000ms ,   24.479ms ,    0.000ms ,    0.000ms ,    0.000ms ,    1.067ms ,    0.000ms ,    0.000ms ,    0.000ms ,    2.793ms ,    0.000ms ,    0.000ms ,    0.000ms ,   12.646ms ,   31.250ms ,    0.000ms ,    0.000ms
mediaplayer     , ssbo_inlined_instr_4_4    ,   39.388ms ,    0.000ms ,    0.000ms ,   38.312ms ,    0.000ms ,    0.000ms ,   38.972ms ,    0.152ms ,    0.000ms ,    0.000ms ,    0.000ms ,   21.106ms ,    0.000ms ,    0.000ms ,    0.000ms ,    1.086ms ,    0.000ms ,    0.000ms ,    0.000ms ,    2.436ms ,    0.000ms ,    0.000ms ,    0.000ms ,   13.532ms ,    0.000ms ,    0.000ms ,    0.000ms
mediaplayer     , ssbo_inlined_instr_6_6    ,   42.807ms ,   15.625ms ,    0.000ms ,   41.785ms ,   15.625ms ,    0.000ms ,   42.471ms ,    0.166ms ,    0.000ms ,    0.000ms ,    0.000ms ,   25.544ms ,    0.000ms ,    0.000ms ,    0.000ms ,    0.996ms ,    0.000ms ,    0.000ms ,    0.000ms ,    2.709ms ,    0.000ms ,    0.000ms ,    0.000ms ,   12.370ms ,   15.625ms ,    0.000ms ,    0.000ms
mediaplayer     , ssbo_inlined_instr_8_8    ,   43.408ms ,   46.875ms ,    0.000ms ,   42.368ms ,   46.875ms ,    0.000ms ,   43.010ms ,    0.161ms ,    0.000ms ,    0.000ms ,    0.000ms ,   25.205ms ,   15.625ms ,    0.000ms ,    0.000ms ,    0.962ms ,    0.000ms ,    0.000ms ,    0.000ms ,    3.073ms ,    0.000ms ,    0.000ms ,    0.000ms ,   12.967ms ,   31.250ms ,    0.000ms ,    0.000ms
mediaplayer     , ssbo_inlined_instr_10_10  ,   44.267ms ,   15.625ms ,    0.000ms ,   43.274ms ,    0.000ms ,    0.000ms ,   43.810ms ,    0.154ms ,    0.000ms ,    0.000ms ,    0.000ms ,   26.098ms ,    0.000ms ,    0.000ms ,    0.000ms ,    0.941ms ,    0.000ms ,    0.000ms ,    0.000ms ,    3.343ms ,    0.000ms ,    0.000ms ,    0.000ms ,   12.738ms ,    0.000ms ,    0.000ms ,    0.000ms
mediaplayer     , ssbo_inlined_instr_20_20  ,   60.870ms ,   31.250ms ,    0.000ms ,   59.849ms ,   31.250ms ,    0.000ms ,   60.328ms ,    0.164ms ,    0.000ms ,    0.000ms ,    0.000ms ,   32.500ms ,    0.000ms ,    0.000ms ,    0.000ms ,    0.931ms ,    0.000ms ,    0.000ms ,    0.000ms ,    9.872ms ,   15.625ms ,    0.000ms ,    0.000ms ,   16.382ms ,   15.625ms ,    0.000ms ,    0.000ms
mediaplayer     , ssbo_inlined_instr_4_6    ,   42.536ms ,   31.250ms ,    0.000ms ,   41.493ms ,   31.250ms ,    0.000ms ,   42.117ms ,    0.153ms ,    0.000ms ,    0.000ms ,    0.000ms ,   25.598ms ,    0.000ms ,    0.000ms ,    0.000ms ,    0.976ms ,    0.000ms ,    0.000ms ,    0.000ms ,    2.776ms ,   15.625ms ,    0.000ms ,    0.000ms ,   11.990ms ,   15.625ms ,    0.000ms ,    0.000ms
mediaplayer     , ssbo_inlined_instr_4_8    ,   43.357ms ,   31.250ms ,    0.000ms ,   42.323ms ,   31.250ms ,    0.000ms ,   42.905ms ,    0.156ms ,    0.000ms ,    0.000ms ,    0.000ms ,   26.814ms ,    0.000ms ,    0.000ms ,    0.000ms ,    0.968ms ,    0.000ms ,    0.000ms ,    0.000ms ,    2.675ms ,    0.000ms ,    0.000ms ,    0.000ms ,   11.710ms ,   31.250ms ,    0.000ms ,    0.000ms
mediaplayer     , ssbo_inlined_instr_4_10   ,   46.035ms ,   15.625ms ,    0.000ms ,   44.997ms ,   15.625ms ,    0.000ms ,   45.572ms ,    0.170ms ,    0.000ms ,    0.000ms ,    0.000ms ,   29.230ms ,    0.000ms ,    0.000ms ,    0.000ms ,    0.978ms ,    0.000ms ,    0.000ms ,    0.000ms ,    2.907ms ,   15.625ms ,    0.000ms ,    0.000ms ,   11.712ms ,    0.000ms ,    0.000ms ,    0.000ms
mediaplayer     , ssbo_inlined_instr_4_20   ,   64.129ms ,    0.000ms ,    0.000ms ,   63.102ms ,    0.000ms ,    0.000ms ,   63.491ms ,    0.156ms ,    0.000ms ,    0.000ms ,    0.000ms ,   45.528ms ,    0.000ms ,    0.000ms ,    0.000ms ,    0.974ms ,    0.000ms ,    0.000ms ,    0.000ms ,    3.944ms ,    0.000ms ,    0.000ms ,    0.000ms ,   12.500ms ,    0.000ms ,    0.000ms ,    0.000ms
mediaplayer     , ssbo_inlined_instr_6_4    ,   37.640ms ,   15.625ms ,    0.000ms ,   36.377ms ,   15.625ms ,    0.000ms ,   37.321ms ,    0.159ms ,    0.000ms ,    0.000ms ,    0.000ms ,   18.485ms ,    0.000ms ,    0.000ms ,    0.000ms ,    1.132ms ,    0.000ms ,    0.000ms ,    0.000ms ,    2.599ms ,    0.000ms ,    0.000ms ,    0.000ms ,   14.002ms ,   15.625ms ,    0.000ms ,    0.000ms
mediaplayer     , ssbo_inlined_instr_8_4    ,   36.293ms ,   31.250ms ,    0.000ms ,   35.123ms ,   31.250ms ,    0.000ms ,   35.905ms ,    0.174ms ,    0.000ms ,    0.000ms ,    0.000ms ,   13.344ms ,    0.000ms ,    0.000ms ,    0.000ms ,    1.145ms ,    0.000ms ,    0.000ms ,    0.000ms ,    2.778ms ,    0.000ms ,    0.000ms ,    0.000ms ,   17.682ms ,   31.250ms ,    0.000ms ,    0.000ms
mediaplayer     , ssbo_inlined_instr_10_4   ,   36.610ms ,   15.625ms ,    0.000ms ,   35.224ms ,   15.625ms ,    0.000ms ,   36.187ms ,    0.177ms ,    0.000ms ,    0.000ms ,    0.000ms ,   14.916ms ,    0.000ms ,    0.000ms ,    0.000ms ,    1.336ms ,    0.000ms ,    0.000ms ,    0.000ms ,    2.750ms ,   15.625ms ,    0.000ms ,    0.000ms ,   16.045ms ,    0.000ms ,    0.000ms ,    0.000ms
mediaplayer     , ssbo_inlined_instr_20_4   ,   32.937ms ,   15.625ms ,    0.000ms ,   31.583ms ,   15.625ms ,    0.000ms ,   32.672ms ,    0.252ms ,    0.000ms ,    0.000ms ,    0.000ms ,    7.671ms ,    0.000ms ,    0.000ms ,    0.000ms ,    1.229ms ,    0.000ms ,    0.000ms ,    0.000ms ,    3.443ms ,    0.000ms ,    0.000ms ,    0.000ms ,   18.988ms ,   15.625ms ,    0.000ms ,    0.000ms
mediaplayer     , ssbo_instr_combo_4        ,   41.692ms ,    0.000ms ,    0.000ms ,   40.669ms ,    0.000ms ,    0.000ms ,   41.277ms ,    0.146ms ,    0.000ms ,    0.000ms ,    0.000ms ,   25.095ms ,    0.000ms ,    0.000ms ,    0.000ms ,    0.971ms ,    0.000ms ,    0.000ms ,    0.000ms ,    2.274ms ,    0.000ms ,    0.000ms ,    0.000ms ,   12.183ms ,    0.000ms ,    0.000ms ,    0.000ms
mediaplayer     , ssbo_instr_combo_6        ,   45.260ms ,   31.250ms ,    0.000ms ,   44.204ms ,   31.250ms ,    0.000ms ,   44.836ms ,    0.153ms ,    0.000ms ,    0.000ms ,    0.000ms ,   30.278ms ,    0.000ms ,    0.000ms ,    0.000ms ,    1.005ms ,   31.250ms ,    0.000ms ,    0.000ms ,    2.237ms ,    0.000ms ,    0.000ms ,    0.000ms ,   10.531ms ,    0.000ms ,    0.000ms ,    0.000ms
mediaplayer     , ssbo_instr_combo_8        ,   46.334ms ,   15.625ms ,    0.000ms ,   45.265ms ,   15.625ms ,    0.000ms ,   45.882ms ,    0.145ms ,    0.000ms ,    0.000ms ,    0.000ms ,   30.509ms ,   15.625ms ,    0.000ms ,    0.000ms ,    1.019ms ,    0.000ms ,    0.000ms ,    0.000ms ,    2.338ms ,    0.000ms ,    0.000ms ,    0.000ms ,   11.254ms ,    0.000ms ,    0.000ms ,    0.000ms
mediaplayer     , ssbo_instr_combo_10       ,   47.148ms ,   15.625ms ,    0.000ms ,   46.138ms ,    0.000ms ,    0.000ms ,   46.687ms ,    0.142ms ,    0.000ms ,    0.000ms ,    0.000ms ,   31.283ms ,    0.000ms ,    0.000ms ,    0.000ms ,    1.008ms ,    0.000ms ,    0.000ms ,    0.000ms ,    2.276ms ,    0.000ms ,    0.000ms ,    0.000ms ,   11.429ms ,    0.000ms ,    0.000ms ,    0.000ms
mediaplayer     , ssbo_instr_combo_20       ,   66.522ms ,   31.250ms ,    0.000ms ,   65.477ms ,   15.625ms ,    0.000ms ,   65.771ms ,    0.151ms ,    0.000ms ,    0.000ms ,    0.000ms ,   51.354ms ,    0.000ms ,    0.000ms ,    0.000ms ,    1.005ms ,    0.000ms ,    0.000ms ,    0.000ms ,    2.279ms ,   15.625ms ,    0.000ms ,    0.000ms ,   10.688ms ,    0.000ms ,    0.000ms ,    0.000ms
mediaplayer     , one_ssbo_ext_no_sdf       ,   27.700ms ,   31.250ms ,    0.000ms ,   25.458ms ,   31.250ms ,    0.000ms ,   27.445ms ,    0.329ms ,    0.000ms ,    0.000ms ,    0.000ms ,    0.339ms ,    0.000ms ,    0.000ms ,    0.000ms ,    0.944ms ,    0.000ms ,    0.000ms ,    0.000ms ,    2.083ms ,   15.625ms ,    0.000ms ,    0.000ms ,   21.763ms ,   15.625ms ,    0.000ms ,    0.000ms
mediaplayer     , one_ssbo_ext_sdf_list     ,   40.678ms ,   46.875ms ,    0.000ms ,   39.629ms ,   46.875ms ,    0.000ms ,   40.348ms ,    0.138ms ,    0.000ms ,    0.000ms ,    0.000ms ,   22.908ms ,   31.250ms ,    0.000ms ,    0.000ms ,    0.996ms ,    0.000ms ,    0.000ms ,    0.000ms ,    2.800ms ,    0.000ms ,    0.000ms ,    0.000ms ,   12.787ms ,   15.625ms ,    0.000ms ,    0.000ms
mediaplayer     , one_ssbo_ext_one_sdf      ,   28.533ms ,   31.250ms ,    0.000ms ,   27.444ms ,   31.250ms ,    0.000ms ,   28.253ms ,    0.211ms ,    0.000ms ,    0.000ms ,    0.000ms ,    0.662ms ,    0.000ms ,    0.000ms ,    0.000ms ,    1.088ms ,    0.000ms ,    0.000ms ,    0.000ms ,    2.119ms ,    0.000ms ,    0.000ms ,    0.000ms ,   23.364ms ,   31.250ms ,    0.000ms ,    0.000ms
mediaplayer     , one_ssbo_ext_one_sdf_pack ,   29.467ms ,   31.250ms ,    0.000ms ,   28.288ms ,   31.250ms ,    0.000ms ,   29.207ms ,    0.181ms ,    0.000ms ,    0.000ms ,    0.000ms ,    1.358ms ,    0.000ms ,    0.000ms ,    0.000ms ,    1.073ms ,    0.000ms ,    0.000ms ,    0.000ms ,    2.136ms ,    0.000ms ,    0.000ms ,    0.000ms ,   23.540ms ,   31.250ms ,    0.000ms ,    0.000ms
mediaplayer     , inst_div                  ,   26.883ms ,   31.250ms ,    0.000ms ,   25.915ms ,   31.250ms ,    0.000ms ,   26.614ms ,    0.137ms ,    0.000ms ,    0.000ms ,    0.000ms ,    0.414ms ,    0.000ms ,    0.000ms ,    0.000ms ,    0.803ms ,    0.000ms ,    0.000ms ,    0.000ms ,    1.889ms ,    0.000ms ,    0.000ms ,    0.000ms ,   22.672ms ,   31.250ms ,    0.000ms ,    0.000ms
demo            , one_ssbo_ext_one_sdf_demo ,   27.045ms ,   15.625ms ,    0.000ms ,   26.066ms ,   15.625ms ,    0.000ms ,   26.807ms ,    0.127ms ,    0.000ms ,    0.000ms ,    0.000ms ,    0.316ms ,    0.000ms ,    0.000ms ,    0.000ms ,    0.857ms ,    0.000ms ,    0.000ms ,    0.000ms ,    2.033ms ,    0.000ms ,    0.000ms ,    0.000ms ,   22.733ms ,   15.625ms ,    0.000ms ,    0.000ms
sublime         , 1rect_1draw               ,  403.011ms ,  406.250ms ,    0.000ms ,  401.760ms ,  406.250ms ,    0.000ms ,  398.987ms ,    0.153ms ,    0.000ms ,    0.000ms ,    0.000ms ,    0.270ms ,    0.000ms ,    0.000ms ,    0.000ms ,    1.007ms ,    0.000ms ,    0.000ms ,    0.000ms ,  373.106ms ,  375.000ms ,    0.000ms ,    0.000ms ,   27.224ms ,   31.250ms ,    0.000ms ,    0.000ms
sublime         , simple_vbo                ,   45.247ms ,   31.250ms ,    0.000ms ,   42.729ms ,   31.250ms ,    0.000ms ,   44.951ms ,    1.605ms ,    0.000ms ,    0.000ms ,    0.000ms ,    3.341ms ,   15.625ms ,    0.000ms ,    0.000ms ,    1.017ms ,    0.000ms ,    0.000ms ,    0.000ms ,    2.642ms ,    0.000ms ,    0.000ms ,    0.000ms ,   34.124ms ,   15.625ms ,    0.000ms ,    0.000ms
sublime         , simple_vbo_stor           ,   37.426ms ,   46.875ms ,    0.000ms ,   35.968ms ,   46.875ms ,    0.000ms ,   37.091ms ,    2.033ms ,    0.000ms ,    0.000ms ,    0.000ms ,    5.360ms ,   15.625ms ,    0.000ms ,    0.000ms ,    1.135ms ,    0.000ms ,    0.000ms ,    0.000ms ,    2.449ms ,    0.000ms ,    0.000ms ,    0.000ms ,   24.991ms ,   31.250ms ,    0.000ms ,    0.000ms
sublime         , complete_vbo              ,   47.438ms ,   46.875ms ,    0.000ms ,   46.197ms ,   46.875ms ,    0.000ms ,   47.003ms ,   11.219ms ,    0.000ms ,    0.000ms ,    0.000ms ,   12.272ms ,   15.625ms ,    0.000ms ,    0.000ms ,    1.031ms ,    0.000ms ,    0.000ms ,    0.000ms ,    2.221ms ,    0.000ms ,    0.000ms ,    0.000ms ,   19.454ms ,   31.250ms ,    0.000ms ,    0.000ms
sublime         , one_ssbo                  ,   36.520ms ,   31.250ms ,    0.000ms ,   35.523ms ,   31.250ms ,    0.000ms ,   36.179ms ,    1.885ms ,    0.000ms ,    0.000ms ,    0.000ms ,    3.365ms ,    0.000ms ,    0.000ms ,    0.000ms ,    0.995ms ,    0.000ms ,    0.000ms ,    0.000ms ,    2.725ms ,    0.000ms ,    0.000ms ,    0.000ms ,   26.553ms ,   31.250ms ,    0.000ms ,    0.000ms
sublime         , ssbo_instr_list           ,   59.175ms ,   62.500ms ,    0.000ms ,   58.150ms ,   62.500ms ,    0.000ms ,   58.529ms ,    1.962ms ,    0.000ms ,    0.000ms ,    0.000ms ,    1.741ms ,    0.000ms ,    0.000ms ,    0.000ms ,    0.847ms ,    0.000ms ,    0.000ms ,    0.000ms ,   25.957ms ,   31.250ms ,    0.000ms ,    0.000ms ,   27.643ms ,   31.250ms ,    0.000ms ,    0.000ms
sublime         , ssbo_inlined_instr_6      ,   32.920ms ,   31.250ms ,    0.000ms ,   31.895ms ,   31.250ms ,    0.000ms ,   32.437ms ,    5.237ms ,    0.000ms ,    0.000ms ,    0.000ms ,    3.691ms ,    0.000ms ,    0.000ms ,    0.000ms ,    0.966ms ,    0.000ms ,    0.000ms ,    0.000ms ,    2.756ms ,    0.000ms ,    0.000ms ,    0.000ms ,   19.245ms ,   31.250ms ,    0.000ms ,    0.000ms
sublime         , ssbo_inlined_instr_4_4    ,   30.920ms ,   15.625ms ,    0.000ms ,   29.802ms ,   15.625ms ,    0.000ms ,   30.628ms ,    5.344ms ,    0.000ms ,    0.000ms ,    0.000ms ,    2.336ms ,    0.000ms ,    0.000ms ,    0.000ms ,    0.889ms ,    0.000ms ,    0.000ms ,    0.000ms ,    2.267ms ,   15.625ms ,    0.000ms ,    0.000ms ,   18.966ms ,    0.000ms ,    0.000ms ,    0.000ms
sublime         , ssbo_inlined_instr_6_6    ,   32.659ms ,   31.250ms ,    0.000ms ,   31.604ms ,   15.625ms ,    0.000ms ,   32.349ms ,    3.400ms ,   15.625ms ,    0.000ms ,    0.000ms ,    4.220ms ,    0.000ms ,    0.000ms ,    0.000ms ,    0.880ms ,    0.000ms ,    0.000ms ,    0.000ms ,    2.735ms ,    0.000ms ,    0.000ms ,    0.000ms ,   20.369ms ,    0.000ms ,    0.000ms ,    0.000ms
sublime         , ssbo_inlined_instr_8_8    ,   34.604ms ,   31.250ms ,    0.000ms ,   33.625ms ,   31.250ms ,    0.000ms ,   34.307ms ,    3.257ms ,    0.000ms ,    0.000ms ,    0.000ms ,    4.214ms ,    0.000ms ,    0.000ms ,    0.000ms ,    1.314ms ,    0.000ms ,    0.000ms ,    0.000ms ,    2.328ms ,    0.000ms ,    0.000ms ,    0.000ms ,   22.512ms ,   31.250ms ,    0.000ms ,    0.000ms
sublime         , ssbo_inlined_instr_10_10  ,   35.633ms ,   31.250ms ,    0.000ms ,   34.568ms ,   31.250ms ,    0.000ms ,   35.326ms ,    3.579ms ,    0.000ms ,    0.000ms ,    0.000ms ,    4.387ms ,    0.000ms ,    0.000ms ,    0.000ms ,    1.133ms ,    0.000ms ,    0.000ms ,    0.000ms ,    2.724ms ,    0.000ms ,    0.000ms ,    0.000ms ,   22.745ms ,   31.250ms ,    0.000ms ,    0.000ms
sublime         , ssbo_inlined_instr_20_20  ,   58.560ms ,   62.500ms ,    0.000ms ,   57.422ms ,   62.500ms ,    0.000ms ,   58.025ms ,    4.556ms ,   31.250ms ,    0.000ms ,    0.000ms ,    6.583ms ,   15.625ms ,    0.000ms ,    0.000ms ,    1.062ms ,    0.000ms ,    0.000ms ,    0.000ms ,   14.948ms ,    0.000ms ,    0.000ms ,    0.000ms ,   30.273ms ,   15.625ms ,    0.000ms ,    0.000ms
sublime         , ssbo_inlined_instr_4_6    ,   29.721ms ,   15.625ms ,    0.000ms ,   28.566ms ,   15.625ms ,    0.000ms ,   29.449ms ,    3.611ms ,    0.000ms ,    0.000ms ,    0.000ms ,    3.322ms ,   15.625ms ,    0.000ms ,    0.000ms ,    0.922ms ,    0.000ms ,    0.000ms ,    0.000ms ,    2.635ms ,    0.000ms ,    0.000ms ,    0.000ms ,   18.076ms ,    0.000ms ,    0.000ms ,    0.000ms
sublime         , ssbo_inlined_instr_4_8    ,   32.869ms ,   31.250ms ,    0.000ms ,   31.877ms ,   31.250ms ,    0.000ms ,   32.562ms ,    3.059ms ,    0.000ms ,    0.000ms ,    0.000ms ,    2.327ms ,    0.000ms ,    0.000ms ,    0.000ms ,    0.968ms ,    0.000ms ,    0.000ms ,    0.000ms ,    5.080ms ,    0.000ms ,    0.000ms ,    0.000ms ,   20.443ms ,   31.250ms ,    0.000ms ,    0.000ms
sublime         , ssbo_inlined_instr_4_10   ,   34.141ms ,   15.625ms ,    0.000ms ,   33.033ms ,   15.625ms ,    0.000ms ,   33.815ms ,    2.812ms ,    0.000ms ,    0.000ms ,    0.000ms ,    2.195ms ,    0.000ms ,    0.000ms ,    0.000ms ,    0.952ms ,    0.000ms ,    0.000ms ,    0.000ms ,    7.294ms ,   15.625ms ,    0.000ms ,    0.000ms ,   19.780ms ,    0.000ms ,    0.000ms ,    0.000ms
sublime         , ssbo_inlined_instr_4_20   ,   55.909ms ,   46.875ms ,    0.000ms ,   54.903ms ,   46.875ms ,    0.000ms ,   55.372ms ,    2.994ms ,    0.000ms ,    0.000ms ,    0.000ms ,    2.049ms ,    0.000ms ,    0.000ms ,    0.000ms ,    0.909ms ,    0.000ms ,    0.000ms ,    0.000ms ,   21.691ms ,   15.625ms ,    0.000ms ,    0.000ms ,   27.260ms ,   31.250ms ,    0.000ms ,    0.000ms
sublime         , ssbo_inlined_instr_6_4    ,   29.785ms ,   31.250ms ,    0.000ms ,   28.625ms ,   31.250ms ,    0.000ms ,   29.440ms ,    3.312ms ,    0.000ms ,    0.000ms ,    0.000ms ,    2.529ms ,    0.000ms ,    0.000ms ,    0.000ms ,    0.885ms ,    0.000ms ,    0.000ms ,    0.000ms ,    2.348ms ,    0.000ms ,    0.000ms ,    0.000ms ,   19.551ms ,   31.250ms ,    0.000ms ,    0.000ms
sublime         , ssbo_inlined_instr_8_4    ,   30.929ms ,   31.250ms ,    0.000ms ,   29.600ms ,   31.250ms ,    0.000ms ,   30.636ms ,    4.059ms ,    0.000ms ,    0.000ms ,    0.000ms ,    3.091ms ,    0.000ms ,    0.000ms ,    0.000ms ,    1.040ms ,    0.000ms ,    0.000ms ,    0.000ms ,    2.606ms ,    0.000ms ,    0.000ms ,    0.000ms ,   18.804ms ,   31.250ms ,    0.000ms ,    0.000ms
sublime         , ssbo_inlined_instr_10_4   ,   32.342ms ,   31.250ms ,    0.000ms ,   31.101ms ,   31.250ms ,    0.000ms ,   32.029ms ,    5.582ms ,    0.000ms ,    0.000ms ,    0.000ms ,    3.509ms ,   31.250ms ,    0.000ms ,    0.000ms ,    1.042ms ,    0.000ms ,    0.000ms ,    0.000ms ,    3.092ms ,    0.000ms ,    0.000ms ,    0.000ms ,   17.876ms ,    0.000ms ,    0.000ms ,    0.000ms
sublime         , ssbo_inlined_instr_20_4   ,   33.490ms ,   31.250ms ,    0.000ms ,   32.294ms ,   31.250ms ,    0.000ms ,   33.186ms ,    4.985ms ,   31.250ms ,    0.000ms ,    0.000ms ,    5.952ms ,    0.000ms ,    0.000ms ,    0.000ms ,    1.476ms ,    0.000ms ,    0.000ms ,    0.000ms ,    2.216ms ,    0.000ms ,    0.000ms ,    0.000ms ,   17.665ms ,    0.000ms ,    0.000ms ,    0.000ms
sublime         , ssbo_instr_combo_4        ,   28.881ms ,   31.250ms ,    0.000ms ,   27.450ms ,   31.250ms ,    0.000ms ,   28.612ms ,    3.321ms ,    0.000ms ,    0.000ms ,    0.000ms ,    1.603ms ,    0.000ms ,    0.000ms ,    0.000ms ,    0.919ms ,   15.625ms ,    0.000ms ,    0.000ms ,    2.540ms ,    0.000ms ,    0.000ms ,    0.000ms ,   19.067ms ,   15.625ms ,    0.000ms ,    0.000ms
sublime         , ssbo_instr_combo_6        ,   29.495ms ,   31.250ms ,    0.000ms ,   28.469ms ,   31.250ms ,    0.000ms ,   29.217ms ,    2.272ms ,    0.000ms ,    0.000ms ,    0.000ms ,    2.581ms ,    0.000ms ,    0.000ms ,    0.000ms ,    0.907ms ,    0.000ms ,    0.000ms ,    0.000ms ,    2.410ms ,    0.000ms ,    0.000ms ,    0.000ms ,   20.299ms ,   31.250ms ,    0.000ms ,    0.000ms
sublime         , ssbo_instr_combo_8        ,   31.004ms ,   15.625ms ,    0.000ms ,   30.002ms ,   15.625ms ,    0.000ms ,   30.672ms ,    2.261ms ,    0.000ms ,    0.000ms ,    0.000ms ,    1.774ms ,    0.000ms ,    0.000ms ,    0.000ms ,    1.212ms ,    0.000ms ,    0.000ms ,    0.000ms ,    3.377ms ,    0.000ms ,    0.000ms ,    0.000ms ,   21.378ms ,   15.625ms ,    0.000ms ,    0.000ms
sublime         , ssbo_instr_combo_10       ,   32.644ms ,   31.250ms ,    0.000ms ,   31.608ms ,   31.250ms ,    0.000ms ,   32.342ms ,    2.076ms ,    0.000ms ,    0.000ms ,    0.000ms ,    1.700ms ,    0.000ms ,    0.000ms ,    0.000ms ,    0.946ms ,    0.000ms ,    0.000ms ,    0.000ms ,    5.408ms ,   15.625ms ,    0.000ms ,    0.000ms ,   21.478ms ,   15.625ms ,    0.000ms ,    0.000ms
sublime         , ssbo_instr_combo_20       ,   56.922ms ,   46.875ms ,    0.000ms ,   55.901ms ,   46.875ms ,    0.000ms ,   56.386ms ,    2.182ms ,    0.000ms ,    0.000ms ,    0.000ms ,    1.680ms ,   15.625ms ,    0.000ms ,    0.000ms ,    1.049ms ,    0.000ms ,    0.000ms ,    0.000ms ,   22.282ms ,   15.625ms ,    0.000ms ,    0.000ms ,   28.708ms ,   15.625ms ,    0.000ms ,    0.000ms
sublime         , one_ssbo_ext_no_sdf       ,   29.010ms ,   31.250ms ,    0.000ms ,   26.266ms ,   31.250ms ,    0.000ms ,   28.649ms ,    1.962ms ,    0.000ms ,    0.000ms ,    0.000ms ,    1.763ms ,    0.000ms ,    0.000ms ,    0.000ms ,    0.904ms ,    0.000ms ,    0.000ms ,    0.000ms ,    2.758ms ,    0.000ms ,    0.000ms ,    0.000ms ,   18.879ms ,   31.250ms ,    0.000ms ,    0.000ms
sublime         , one_ssbo_ext_sdf_list     ,   28.821ms ,   15.625ms ,    0.000ms ,   27.715ms ,   15.625ms ,    0.000ms ,   28.552ms ,    2.866ms ,    0.000ms ,    0.000ms ,    0.000ms ,    3.966ms ,    0.000ms ,    0.000ms ,    0.000ms ,    0.945ms ,    0.000ms ,    0.000ms ,    0.000ms ,    2.136ms ,   15.625ms ,    0.000ms ,    0.000ms ,   17.802ms ,    0.000ms ,    0.000ms ,    0.000ms
sublime         , one_ssbo_ext_one_sdf      ,   29.006ms ,    0.000ms ,    0.000ms ,   27.716ms ,    0.000ms ,    0.000ms ,   28.772ms ,    4.194ms ,    0.000ms ,    0.000ms ,    0.000ms ,    2.521ms ,    0.000ms ,    0.000ms ,    0.000ms ,    0.936ms ,    0.000ms ,    0.000ms ,    0.000ms ,    2.607ms ,    0.000ms ,    0.000ms ,    0.000ms ,   17.458ms ,    0.000ms ,    0.000ms ,    0.000ms
sublime         , one_ssbo_ext_one_sdf_pack ,   29.629ms ,   15.625ms ,    0.000ms ,   28.341ms ,   15.625ms ,    0.000ms ,   29.362ms ,    3.571ms ,    0.000ms ,    0.000ms ,    0.000ms ,    2.513ms ,    0.000ms ,    0.000ms ,    0.000ms ,    0.954ms ,    0.000ms ,    0.000ms ,    0.000ms ,    2.329ms ,    0.000ms ,    0.000ms ,    0.000ms ,   18.974ms ,   15.625ms ,    0.000ms ,    0.000ms
sublime         , inst_div                  ,   27.387ms ,   15.625ms ,    0.000ms ,   26.447ms ,   15.625ms ,    0.000ms ,   27.137ms ,    2.267ms ,    0.000ms ,    0.000ms ,    0.000ms ,    2.494ms ,    0.000ms ,    0.000ms ,    0.000ms ,    0.854ms ,    0.000ms ,    0.000ms ,    0.000ms ,    2.015ms ,    0.000ms ,    0.000ms ,    0.000ms ,   18.817ms ,   15.625ms ,    0.000ms ,    0.000ms
mediaplayer     , 1rect_1draw               ,   29.059ms ,   31.250ms ,    0.000ms ,   27.481ms ,   31.250ms ,    0.000ms ,   28.772ms ,    0.136ms ,    0.000ms ,    0.000ms ,    0.000ms ,    0.231ms ,    0.000ms ,    0.000ms ,    0.000ms ,    0.989ms ,    0.000ms ,    0.000ms ,    0.000ms ,    5.953ms ,    0.000ms ,    0.000ms ,    0.000ms ,   20.172ms ,   31.250ms ,    0.000ms ,    0.000ms
mediaplayer     , simple_vbo                ,   27.886ms ,   31.250ms ,    0.000ms ,   26.914ms ,   31.250ms ,    0.000ms ,   27.633ms ,    0.125ms ,    0.000ms ,    0.000ms ,    0.000ms ,    0.342ms ,   15.625ms ,    0.000ms ,    0.000ms ,    0.910ms ,    0.000ms ,    0.000ms ,    0.000ms ,    1.661ms ,    0.000ms ,    0.000ms ,    0.000ms ,   23.876ms ,   15.625ms ,    0.000ms ,    0.000ms
mediaplayer     , simple_vbo_stor           ,   27.911ms ,   31.250ms ,    0.000ms ,   26.857ms ,   31.250ms ,    0.000ms ,   27.655ms ,    0.134ms ,    0.000ms ,    0.000ms ,    0.000ms ,    0.569ms ,    0.000ms ,    0.000ms ,    0.000ms ,    0.923ms ,    0.000ms ,    0.000ms ,    0.000ms ,    2.152ms ,   15.625ms ,    0.000ms ,    0.000ms ,   23.079ms ,   15.625ms ,    0.000ms ,    0.000ms
mediaplayer     , complete_vbo              ,   27.249ms ,   31.250ms ,    0.000ms ,   26.279ms ,   31.250ms ,    0.000ms ,   26.999ms ,    0.189ms ,    0.000ms ,    0.000ms ,    0.000ms ,    0.681ms ,    0.000ms ,    0.000ms ,    0.000ms ,    0.842ms ,    0.000ms ,    0.000ms ,    0.000ms ,    1.868ms ,    0.000ms ,    0.000ms ,    0.000ms ,   22.699ms ,   31.250ms ,    0.000ms ,    0.000ms
mediaplayer     , one_ssbo                  ,   27.483ms ,   15.625ms ,    0.000ms ,   26.140ms ,   15.625ms ,    0.000ms ,   26.892ms ,    0.130ms ,    0.000ms ,    0.000ms ,    0.000ms ,    0.764ms ,    0.000ms ,    0.000ms ,    0.000ms ,    2.621ms ,    0.000ms ,    0.000ms ,    0.000ms ,    2.295ms ,    0.000ms ,    0.000ms ,    0.000ms ,   20.330ms ,   15.625ms ,    0.000ms ,    0.000ms
mediaplayer     , ssbo_instr_list           ,   59.602ms ,    0.000ms ,    0.000ms ,   58.624ms ,    0.000ms ,    0.000ms ,   58.980ms ,    0.147ms ,    0.000ms ,    0.000ms ,    0.000ms ,   44.603ms ,    0.000ms ,    0.000ms ,    0.000ms ,    1.014ms ,    0.000ms ,    0.000ms ,    0.000ms ,    2.269ms ,    0.000ms ,    0.000ms ,    0.000ms ,   10.591ms ,    0.000ms ,    0.000ms ,    0.000ms
mediaplayer     , ssbo_inlined_instr_6      ,   43.220ms ,   46.875ms ,    0.000ms ,   42.148ms ,   31.250ms ,    0.000ms ,   42.820ms ,    0.165ms ,    0.000ms ,    0.000ms ,    0.000ms ,   25.657ms ,    0.000ms ,    0.000ms ,    0.000ms ,    1.050ms ,    0.000ms ,    0.000ms ,    0.000ms ,    2.781ms ,    0.000ms ,    0.000ms ,    0.000ms ,   12.495ms ,   31.250ms ,    0.000ms ,    0.000ms
mediaplayer     , ssbo_inlined_instr_4_4    ,   42.319ms ,   15.625ms ,    0.000ms ,   41.304ms ,   15.625ms ,    0.000ms ,   41.887ms ,    0.142ms ,    0.000ms ,    0.000ms ,    0.000ms ,   24.641ms ,   15.625ms ,    0.000ms ,    0.000ms ,    1.076ms ,    0.000ms ,    0.000ms ,    0.000ms ,    2.418ms ,    0.000ms ,    0.000ms ,    0.000ms ,   13.027ms ,    0.000ms ,    0.000ms ,    0.000ms
mediaplayer     , ssbo_inlined_instr_6_6    ,   46.066ms ,   46.875ms ,    0.000ms ,   45.075ms ,   46.875ms ,    0.000ms ,   45.690ms ,    0.143ms ,    0.000ms ,    0.000ms ,    0.000ms ,   28.627ms ,    0.000ms ,    0.000ms ,    0.000ms ,    0.942ms ,    0.000ms ,    0.000ms ,    0.000ms ,    2.933ms ,    0.000ms ,    0.000ms ,    0.000ms ,   12.430ms ,   46.875ms ,    0.000ms ,    0.000ms
mediaplayer     , ssbo_inlined_instr_8_8    ,   48.302ms ,   15.625ms ,    0.000ms ,   47.272ms ,   15.625ms ,    0.000ms ,   47.877ms ,    0.146ms ,    0.000ms ,    0.000ms ,    0.000ms ,   28.778ms ,    0.000ms ,    0.000ms ,    0.000ms ,    0.987ms ,    0.000ms ,    0.000ms ,    0.000ms ,    3.719ms ,    0.000ms ,    0.000ms ,    0.000ms ,   13.642ms ,   15.625ms ,    0.000ms ,    0.000ms
mediaplayer     , ssbo_inlined_instr_10_10  ,   50.331ms ,   31.250ms ,    0.000ms ,   49.347ms ,   31.250ms ,    0.000ms ,   49.717ms ,    0.149ms ,    0.000ms ,    0.000ms ,    0.000ms ,   30.932ms ,    0.000ms ,    0.000ms ,    0.000ms ,    0.954ms ,    0.000ms ,    0.000ms ,    0.000ms ,    3.886ms ,    0.000ms ,    0.000ms ,    0.000ms ,   13.426ms ,   31.250ms ,    0.000ms ,    0.000ms
mediaplayer     , ssbo_inlined_instr_20_20  ,   72.690ms ,   31.250ms ,    0.000ms ,   71.602ms ,   31.250ms ,    0.000ms ,   72.033ms ,    0.155ms ,    0.000ms ,    0.000ms ,    0.000ms ,   40.299ms ,    0.000ms ,    0.000ms ,    0.000ms ,    0.961ms ,    0.000ms ,    0.000ms ,    0.000ms ,   12.845ms ,   15.625ms ,    0.000ms ,    0.000ms ,   17.342ms ,   15.625ms ,    0.000ms ,    0.000ms
mediaplayer     , ssbo_inlined_instr_4_6    ,   50.227ms ,    0.000ms ,    0.000ms ,   49.233ms ,    0.000ms ,    0.000ms ,   49.669ms ,    0.140ms ,    0.000ms ,    0.000ms ,    0.000ms ,   33.209ms ,    0.000ms ,    0.000ms ,    0.000ms ,    1.004ms ,    0.000ms ,    0.000ms ,    0.000ms ,    2.880ms ,    0.000ms ,    0.000ms ,    0.000ms ,   12.000ms ,    0.000ms ,    0.000ms ,    0.000ms
mediaplayer     , ssbo_inlined_instr_4_8    ,   50.159ms ,   15.625ms ,    0.000ms ,   49.076ms ,   15.625ms ,    0.000ms ,   49.650ms ,    0.142ms ,    0.000ms ,    0.000ms ,    0.000ms ,   32.125ms ,    0.000ms ,    0.000ms ,    0.000ms ,    0.983ms ,    0.000ms ,    0.000ms ,    0.000ms ,    2.976ms ,   15.625ms ,    0.000ms ,    0.000ms ,   12.850ms ,    0.000ms ,    0.000ms ,    0.000ms
mediaplayer     , ssbo_inlined_instr_4_10   ,   53.884ms ,   15.625ms ,    0.000ms ,   52.910ms ,    0.000ms ,    0.000ms ,   53.354ms ,    0.137ms ,    0.000ms ,    0.000ms ,    0.000ms ,   36.746ms ,    0.000ms ,    0.000ms ,    0.000ms ,    0.979ms ,    0.000ms ,    0.000ms ,    0.000ms ,    3.186ms ,    0.000ms ,    0.000ms ,    0.000ms ,   11.862ms ,    0.000ms ,    0.000ms ,    0.000ms
mediaplayer     , ssbo_inlined_instr_4_20   ,   77.066ms ,    0.000ms ,    0.000ms ,   76.069ms ,    0.000ms ,    0.000ms ,   76.317ms ,    0.146ms ,    0.000ms ,    0.000ms ,    0.000ms ,   58.032ms ,    0.000ms ,    0.000ms ,    0.000ms ,    0.966ms ,    0.000ms ,    0.000ms ,    0.000ms ,    4.959ms ,    0.000ms ,    0.000ms ,    0.000ms ,   11.966ms ,    0.000ms ,    0.000ms ,    0.000ms
mediaplayer     , ssbo_inlined_instr_6_4    ,   46.720ms ,   15.625ms ,    0.000ms ,   45.691ms ,   15.625ms ,    0.000ms ,   46.351ms ,    0.134ms ,    0.000ms ,    0.000ms ,    0.000ms ,   28.446ms ,    0.000ms ,    0.000ms ,    0.000ms ,    1.017ms ,    0.000ms ,    0.000ms ,    0.000ms ,    2.818ms ,    0.000ms ,    0.000ms ,    0.000ms ,   13.276ms ,   15.625ms ,    0.000ms ,    0.000ms
mediaplayer     , ssbo_inlined_instr_8_4    ,   46.031ms ,    0.000ms ,    0.000ms ,   44.958ms ,    0.000ms ,    0.000ms ,   45.745ms ,    0.169ms ,    0.000ms ,    0.000ms ,    0.000ms ,   27.500ms ,    0.000ms ,    0.000ms ,    0.000ms ,    0.947ms ,    0.000ms ,    0.000ms ,    0.000ms ,    3.044ms ,    0.000ms ,    0.000ms ,    0.000ms ,   13.298ms ,    0.000ms ,    0.000ms ,    0.000ms
mediaplayer     , ssbo_inlined_instr_10_4   ,   45.934ms ,   31.250ms ,    0.000ms ,   44.862ms ,   31.250ms ,    0.000ms ,   45.464ms ,    0.141ms ,    0.000ms ,    0.000ms ,    0.000ms ,   26.618ms ,   15.625ms ,    0.000ms ,    0.000ms ,    0.984ms ,    0.000ms ,    0.000ms ,    0.000ms ,    3.154ms ,    0.000ms ,    0.000ms ,    0.000ms ,   13.965ms ,   15.625ms ,    0.000ms ,    0.000ms
mediaplayer     , ssbo_inlined_instr_20_4   ,   41.767ms ,   15.625ms ,    0.000ms ,   40.756ms ,   15.625ms ,    0.000ms ,   41.474ms ,    0.152ms ,    0.000ms ,    0.000ms ,    0.000ms ,   17.754ms ,    0.000ms ,    0.000ms ,    0.000ms ,    0.985ms ,    0.000ms ,    0.000ms ,    0.000ms ,    4.330ms ,    0.000ms ,    0.000ms ,    0.000ms ,   17.535ms ,   15.625ms ,    0.000ms ,    0.000ms
mediaplayer     , ssbo_instr_combo_4        ,   48.586ms ,   15.625ms ,    0.000ms ,   47.564ms ,   15.625ms ,    0.000ms ,   48.116ms ,    0.134ms ,    0.000ms ,    0.000ms ,    0.000ms ,   33.746ms ,    0.000ms ,    0.000ms ,    0.000ms ,    0.978ms ,   15.625ms ,    0.000ms ,    0.000ms ,    2.271ms ,    0.000ms ,    0.000ms ,    0.000ms ,   10.435ms ,    0.000ms ,    0.000ms ,    0.000ms
mediaplayer     , ssbo_instr_combo_6        ,   50.809ms ,    0.000ms ,    0.000ms ,   49.835ms ,    0.000ms ,    0.000ms ,   50.106ms ,    0.129ms ,    0.000ms ,    0.000ms ,    0.000ms ,   35.697ms ,    0.000ms ,    0.000ms ,    0.000ms ,    0.985ms ,    0.000ms ,    0.000ms ,    0.000ms ,    2.281ms ,    0.000ms ,    0.000ms ,    0.000ms ,   10.743ms ,    0.000ms ,    0.000ms ,    0.000ms
mediaplayer     , ssbo_instr_combo_8        ,   52.934ms ,    0.000ms ,    0.000ms ,   51.907ms ,    0.000ms ,    0.000ms ,   52.427ms ,    0.144ms ,    0.000ms ,    0.000ms ,    0.000ms ,   37.514ms ,    0.000ms ,    0.000ms ,    0.000ms ,    0.993ms ,    0.000ms ,    0.000ms ,    0.000ms ,    2.279ms ,    0.000ms ,    0.000ms ,    0.000ms ,   10.977ms ,    0.000ms ,    0.000ms ,    0.000ms
mediaplayer     , ssbo_instr_combo_10       ,   56.228ms ,   46.875ms ,    0.000ms ,   55.236ms ,   46.875ms ,    0.000ms ,   55.684ms ,    0.131ms ,   15.625ms ,    0.000ms ,    0.000ms ,   41.038ms ,    0.000ms ,    0.000ms ,    0.000ms ,    1.000ms ,    0.000ms ,    0.000ms ,    0.000ms ,    2.255ms ,    0.000ms ,    0.000ms ,    0.000ms ,   10.812ms ,   31.250ms ,    0.000ms ,    0.000ms
mediaplayer     , ssbo_instr_combo_20       ,   81.797ms ,    0.000ms ,    0.000ms ,   80.762ms ,    0.000ms ,    0.000ms ,   81.005ms ,    0.129ms ,    0.000ms ,    0.000ms ,    0.000ms ,   66.458ms ,    0.000ms ,    0.000ms ,    0.000ms ,    1.192ms ,    0.000ms ,    0.000ms ,    0.000ms ,    2.319ms ,    0.000ms ,    0.000ms ,    0.000ms ,   10.664ms ,    0.000ms ,    0.000ms ,    0.000ms
mediaplayer     , one_ssbo_ext_no_sdf       ,   46.046ms ,   31.250ms ,    0.000ms ,   44.966ms ,   31.250ms ,    0.000ms ,   45.587ms ,    0.134ms ,    0.000ms ,    0.000ms ,    0.000ms ,   29.051ms ,    0.000ms ,    0.000ms ,    0.000ms ,    1.116ms ,    0.000ms ,    0.000ms ,    0.000ms ,    2.405ms ,   15.625ms ,    0.000ms ,    0.000ms ,   12.260ms ,   15.625ms ,    0.000ms ,    0.000ms
mediaplayer     , one_ssbo_ext_sdf_list     ,   49.421ms ,   15.625ms ,    0.000ms ,   48.341ms ,   15.625ms ,    0.000ms ,   48.995ms ,    0.147ms ,    0.000ms ,    0.000ms ,    0.000ms ,   31.987ms ,    0.000ms ,    0.000ms ,    0.000ms ,    0.954ms ,    0.000ms ,    0.000ms ,    0.000ms ,    3.050ms ,    0.000ms ,    0.000ms ,    0.000ms ,   12.203ms ,   15.625ms ,    0.000ms ,    0.000ms
mediaplayer     , one_ssbo_ext_one_sdf      ,   46.165ms ,   31.250ms ,    0.000ms ,   45.046ms ,   31.250ms ,    0.000ms ,   45.790ms ,    0.137ms ,    0.000ms ,    0.000ms ,    0.000ms ,   27.602ms ,    0.000ms ,    0.000ms ,    0.000ms ,    1.012ms ,    0.000ms ,    0.000ms ,    0.000ms ,    2.791ms ,   31.250ms ,    0.000ms ,    0.000ms ,   13.504ms ,    0.000ms ,    0.000ms ,    0.000ms
mediaplayer     , one_ssbo_ext_one_sdf_pack ,   46.547ms ,    0.000ms ,    0.000ms ,   45.420ms ,    0.000ms ,    0.000ms ,   46.176ms ,    0.128ms ,    0.000ms ,    0.000ms ,    0.000ms ,   28.774ms ,    0.000ms ,    0.000ms ,    0.000ms ,    0.976ms ,    0.000ms ,    0.000ms ,    0.000ms ,    2.879ms ,    0.000ms ,    0.000ms ,    0.000ms ,   12.663ms ,    0.000ms ,    0.000ms ,    0.000ms
mediaplayer     , inst_div                  ,   30.095ms ,   15.625ms ,    0.000ms ,   29.086ms ,   15.625ms ,    0.000ms ,   29.816ms ,    0.138ms ,    0.000ms ,    0.000ms ,    0.000ms ,    0.326ms ,    0.000ms ,    0.000ms ,    0.000ms ,    0.853ms ,    0.000ms ,    0.000ms ,    0.000ms ,    2.225ms ,   15.625ms ,    0.000ms ,    0.000ms ,   25.544ms ,    0.000ms ,    0.000ms ,    0.000ms
demo            , one_ssbo_ext_one_sdf_demo ,   31.395ms ,   15.625ms ,    0.000ms ,   30.377ms ,   15.625ms ,    0.000ms ,   31.107ms ,    0.115ms ,    0.000ms ,    0.000ms ,    0.000ms ,    1.282ms ,    0.000ms ,    0.000ms ,    0.000ms ,    0.948ms ,    0.000ms ,    0.000ms ,    0.000ms ,    2.155ms ,    0.000ms ,    0.000ms ,    0.000ms ,   25.877ms ,   15.625ms ,    0.000ms ,    0.000ms
